-0.573386312074
-0.404654364923
-0.193367472243
0.126845290162
0.518203893975
0.798789834357
0.794520799704
0.501541748126
0.0581948931287
-0.388771940752
-0.748337183458
-0.982964860946
-1.09527317973
-1.10363148038
-1.050522721
-0.982196109581
-0.889663076641
-0.746531461465
-0.440125319909
-0.055335043651
0.0650304602946
0.208929757072
0.509131605971
1.01112178176
1.72499167684
2.36533646985
2.4327578032
1.89823839171
1.21096559162
0.535992011656
-0.196924763748
-0.80317061685
-1.11969587832
-1.27794659908
-1.44329066551
-1.61825996809
-1.66109911511
-1.57074673314
-1.56077246193
-1.7226108092
-1.89955992995
-1.77117698905
-1.16125437088
0.320645692189
0.860946786401
1.20744506913
1.50583629285
1.71682324566
1.71555478328
1.51249669694
1.22557129652
0.98938971729
1.14731853276
1.8337111524
2.40692784959
2.27643125313
1.68262288145
1.14383531597
0.720875519835
0.0707568054268
-0.965347088341
-1.90434907815
-2.26485217544
-2.27759155837
-2.29783263345
-2.23513063007
-1.9905799129
-1.75754712885
-1.67955018828
-1.67714811508
-1.73875276245
-1.99470154391
-2.34735032468
-2.45527340925
-2.31857410532
-2.28581496396
-2.23773519957
-1.64624620957
-0.586109162542
1.25716743794
1.87103185433
2.60269730537
2.99397042153
3.05025343879
2.61482026632
1.60832050956
0.967656940216
1.09543900276
0.814819435044
-0.00164033107104
0.0169700810621
0.683591171694
0.855087935515
0.715272764905
0.582829256861
0.137882725608
-0.452105689247
-1.0413347393
-1.96474808424
-2.65542259223
-2.44626604059
-2.08465157701
-2.19215785325
-2.35559803049
-2.31694819944
-2.09247445718
-1.64219416772
-1.26096262183
-1.33464550769
-1.75418014575
-2.1614420517
-2.39291753143
-2.3252235891
-1.75984625082
-1.14932714255
-0.779269281232
-0.719125398563
-0.177328600097
0.747871956535
1.73111843232
2.82013315235
3.46241118227
3.68382914523
3.62500392374
3.60693846861
2.96920904759
1.32619288501
0.312626255156
0.797574900186
1.03910937406
0.239612777942
-0.590557843525
-0.851556920215
-1.47497770744
-1.801930071
-1.47217542561
-1.00877416701
-1.31154480627
-2.06063419134
-2.4527166074
-2.8690779648
-3.51004679456
-3.3608904008
-2.24659381744
-1.20129049227
-0.461095824533
0.156123563676
-0.112593907896
-1.46508079036
-2.39902683957
-2.18882370229
-1.70911941586
-1.50579841616
-1.19841135322
-0.32538860617
0.668423756747
1.12797369206
1.11275330913
0.836453896187
0.426334526449
0.0437981557838
0.0424613519874
0.69333615072
1.49540862094
2.16069026415
1.64267439601
1.76771394743
2.80758895424
3.4330071575
2.61902629689
1.66433146188
1.15965420047
0.358900474487
0.730309897061
1.50858454597
1.27828669731
0.850213341696
0.582245349912
0.0734167107408
-0.495452356922
-0.972883963907
-1.62269483913
-1.63886203925
-1.60866503664
-1.82671745335
-2.00901566536
-2.26498901582
-2.72783884863
-3.16295036833
-3.54245543776
-3.97763840602
-4.19928455914
-3.65265443639
-2.42160684669
-0.916054480971
-0.455071839692
-0.70897826546
-0.721524763944
-1.15998197399
-1.84907198809
-2.39871439847
-2.44728945587
-2.27232129082
-1.62789204968
-0.379483841417
0.468204019396
0.668370769983
0.866877109793
1.5322903108
1.86746420259
1.80759574917
1.46399752591
0.774734744485
0.65215122471
0.582403317963
0.659948836881
0.991923634332
1.99195165775
2.06372508708
1.08597921595
1.07282393347
2.0589353067
3.2293873993
1.81036646322
0.549917514841
0.714237114487
0.822376600198
0.727727308262
1.1822464059
2.04068719555
1.60746352087
0.386355950048
-0.260802727847
-0.322571583287
-0.783716721497
-1.35731999663
-1.45894568727
-1.49168053057
-1.57848244692
-1.84479592004
-2.18017234518
-2.2616457381
-2.58973398427
-3.15946125951
-3.42787522707
-3.82552116555
-4.31790564905
-4.44205632026
-4.57691589832
-4.39082262905
-3.32661844814
-1.68033425082
-0.54698794042
-1.19943721369
-1.83346828577
-1.02404779967
-1.0547828131
-2.94246578616
-2.57624654656
-2.01434463397
-1.79295902536
-0.870794943833
0.200970947831
0.557333041024
0.757992152786
0.871243146054
1.08374976126
1.13146813351
1.36329136578
2.184032736
2.81493905985
1.09809690539
-0.394754882861
-0.0316850900321
0.441864241495
0.757863207891
1.76841001204
2.94467742236
1.69343973945
1.19587663811
1.21802047039
1.37148264582
3.13574577315
3.03869442584
3.23051732684
6.50118309636
7.8080217462
5.2898413612
3.00224602595
1.55935255661
0.249636174849
-0.180609211414
-0.520514846149
-1.34817737798
-1.78016933542
-2.14551151497
-2.28985349421
-1.22409024351
-0.391803850288
-0.790219335972
-1.62674204049
-1.99137468963
-1.66020775716
-1.40720864181
-1.41080213687
-1.88156581392
-2.25274577573
-3.4030243838
-4.90045737413
-4.6945948829
-4.34976453992
-4.11086467072
-3.60228750654
-3.24440912507
-2.24255788562
-0.937676627269
-0.107875076981
0.834196442156
0.138492488979
-2.54203101096
-1.62793235078
-0.678359551823
-0.849172552489
-0.512129602749
0.405215016716
0.958145355152
0.627832252433
0.563738005989
0.988831458812
1.53889919494
1.68191894022
1.25855737615
1.43985591768
4.07013319948
4.328903909
2.54368995589
0.535057123484
-0.449057773959
0.00613367126395
0.832818488966
1.87653463103
2.56260066277
1.90190065569
2.03152063366
1.57626062664
0.741902427549
1.62875493421
4.2881833393
6.17148058846
7.8044277076
9.27810765341
8.0709424152
5.02438064572
2.90234841919
1.41388658801
-0.0622601067805
-0.754433384082
-0.886825526883
-1.29213457873
-1.74843598733
-1.70619808462
-1.78476262125
-2.20369930853
-1.56091212308
-0.553730392357
-0.623899593734
-1.13272724132
-1.31350044505
-0.918744503159
-1.12716693772
-1.29423411337
-1.28334043988
-1.35706308517
-1.93815243709
-2.73449504048
-4.5823842571
-5.11675888603
-4.43010748691
-3.88744501526
-3.71269078978
-3.37738031382
-3.19557455021
-3.12524475778
-2.27856684806
-1.15317077774
-0.723061116757
-1.14298781014
-2.57974528764
-2.91021427842
-1.16743637903
-0.330003119701
-1.30863758403
-0.774954054478
0.315747566424
-0.113221971519
-0.983109268151
-0.616434501097
0.370936952325
0.726645626409
0.521039357515
1.10231204891
2.23835657886
2.3021168584
2.17218848139
2.80574486219
3.1517927371
2.99078835171
2.59440246421
1.99323271774
1.81836462782
1.87149365724
1.90375376216
1.7867940091
1.99247470985
1.36498379473
1.75459355717
1.93328924414
1.65715655419
1.38583040777
3.7219807566
6.08709842572
6.344816521
5.78997749369
5.74186214009
4.69354744631
2.39638864144
0.375906849782
-0.731547776956
-1.25079384975
-1.76399560393
-1.90527898447
-1.26307692806
-1.14878028992
-1.58448737133
-1.98787426181
-1.46308473236
-0.763596902059
-0.604603951595
-0.390065859686
-0.499432431023
-0.111667232609
-0.382085927404
-0.821226502368
-0.680144442299
-1.41070936251
-2.07729060672
-3.4705636338
-4.69434860468
-4.94074120972
-4.39125791981
-3.9841562522
-3.76560542287
-3.7701287874
-3.52346161746
-3.2161156902
-3.15510136169
-3.02333501557
-3.23156828878
-4.01181297761
-4.55972169512
-4.03479446436
-3.32037292568
-3.82723668049
-4.30951959286
-3.11381524837
-2.3781043246
-3.33700632854
-3.81072360846
-2.8005529762
-1.29774930576
-0.407086229198
-0.031216265953
0.633428021494
1.7270537818
1.85801538628
1.21188443303
0.887533599023
0.98562274872
1.05225911417
1.12720689887
1.57048731392
2.25672573717
2.05835593944
1.83952561878
2.09830412457
1.54495581514
1.48660691045
0.280784827328
-0.518914826946
0.994385975313
1.85516876452
2.05475967395
5.46299325764
5.84341981966
4.29968336704
2.95819123881
2.98665710398
2.88294178551
1.34097572672
-0.279996501438
-1.05468063259
-1.81243777134
-1.60715528418
-1.49713253523
-1.64532596696
-1.0952062609
-1.17652949958
-1.36478572582
-1.45771983286
-1.60761963343
-1.42249524533
-0.880329779737
0.391004674146
1.04508672174
0.588926439215
-0.200489896122
-0.876734712649
-0.836358621023
-1.00856447251
-1.97669988831
-2.15004539551
-2.74416528968
-4.81112730886
-5.11948260061
-4.43322237265
-4.42242791249
-4.58618673174
-4.48022964616
-4.25900821943
-4.35871152068
-4.38721902119
-4.32643517726
-4.58231703073
-4.96497685153
-5.29723175474
-5.35849622438
-5.20303177902
-4.88708166314
-5.16162008608
-5.35379075006
-5.1563083341
-5.31986564864
-5.5357654331
-5.38372877266
-4.82301736227
-4.1840660271
-3.12824283717
-2.24026297607
-2.24963782887
-1.22992508094
-0.101562575828
0.246136432514
0.550597880265
0.793778890087
0.989469070726
0.401416202843
0.367353940284
1.00836754739
1.66159272183
1.13406274189
1.71546358765
2.39563663191
1.77892591519
2.2149911792
2.61098280695
1.81473596382
2.15054924741
0.983231598231
-0.273698312456
-0.895005274952
-0.648061674663
0.705388933351
1.73790056682
1.69903870597
0.894972900166
0.114584210845
-0.303150030759
-0.527867408913
-0.0283444061946
0.164283232375
-1.87362908445
-2.51687611242
-1.61156562712
-1.58560197783
-1.20557040059
-1.10228926298
-1.46061906265
-0.917049496342
-0.611358564912
-0.797656765482
-1.02897954803
-1.32155430903
-1.14540508089
-0.998181696059
-0.430840744208
0.65887065128
0.592162502739
-0.0301482460392
-0.0845981706757
-0.456069373907
-0.672300410408
-0.443651066626
-1.47233973854
-2.53790691864
-2.08344019212
-2.84848242603
-4.07406946175
-5.29324491555
-5.00985874106
-5.07238362885
-5.08003650985
-4.76335001128
-4.84572399485
-4.75481927063
-4.56614076485
-4.7836837156
-4.71941524726
-4.82413086045
-5.01029148548
-5.26347912771
-5.51512130846
-5.33993190426
-5.44151352737
-5.33074890034
-5.46806867437
-6.17576888708
-6.5355821172
-6.60263961548
-6.18563962871
-5.65238087887
-5.45404262179
-5.2840992098
-5.12030891602
-4.74877534189
-3.78478320425
-2.33057495753
-0.922455163136
0.202385587364
0.698418587831
1.2828793389
1.87886084099
1.26671274522
0.925737711942
1.4802353381
0.878204989995
0.945048209264
1.32288718803
2.04628088143
2.53877736296
2.10641980255
1.70402253723
2.77625316996
1.22086135064
2.12583142504
1.89250686093
2.0425257804
-0.112576325553
-0.242941879476
0.260721392912
0.397047581398
-0.540511041087
-1.42832780276
0.261410523138
1.61634044995
1.24807846137
1.08156460471
0.156831075357
-0.533748912718
-0.745075579996
-0.311878179778
-0.744136240749
-3.70991888727
-3.47636455738
-1.89405858019
-1.52338169308
-0.788294333257
-0.42678735344
-0.712491384416
-0.39690492576
-0.161489925671
-0.130524329465
-0.2585876047
-1.10395284653
-1.24022576039
-1.03409627678
-1.361841956
-0.293383356631
1.16413626376
0.951538844477
0.0574573947263
-0.097883037842
-0.113484416972
-0.696249888793
-1.48634230151
-2.48635372988
-2.93318336955
-2.7033559612
-3.10726916187
-3.69719559845
-4.00731123099
-5.64271186495
-5.81650013016
-5.1570958819
-4.76028108083
-4.50981362492
-4.70017699771
-4.95651082232
-4.80718070856
-4.85168497717
-4.67582175789
-4.55868888436
-4.87179862329
-5.03404815151
-5.63048715456
-5.81808432225
-5.69460355711
-5.93102913775
-5.80493794896
-5.83112924779
-5.92163139012
-6.05135870935
-6.32070583275
-6.03880127562
-5.69112205553
-5.5795950675
-5.2866446454
-4.61906836168
-3.73689736019
-3.54304398899
-3.03491983125
-0.618200144061
0.852172349322
0.992713387694
0.542773274245
0.369924142644
0.447856625955
0.553007913519
0.979304460405
1.7598619704
1.92775454458
2.22891994816
2.22829584752
2.16825282246
2.54304428316
2.88942054863
2.16279957796
1.71124635844
1.58575808442
1.95894416426
1.72440345924
0.759806235887
0.516708980584
0.2731558654
0.503221063738
0.341475358057
0.0517388056765
0.176915237317
0.371993002441
1.26623414848
0.604909471537
-0.495351051293
-0.587471865562
-0.513227708665
-0.676737549324
-0.761324075953
-0.731027441145
-0.988142353081
-2.27414341174
-3.83734404882
-3.12498747519
-2.32278730872
-0.836514952651
0.492511541253
0.326958314509
0.0744496217098
0.313302430822
0.658315882265
0.893486199833
0.591479115551
-0.225105037782
-0.20406482984
-0.33215097671
-0.853185374738
0.0737223123839
0.735802079749
0.00602603759623
-0.184189756732
-0.450319561901
-0.545348004415
-0.351342070813
-1.17723811404
-2.74203753993
-3.06423912647
-3.1577882517
-2.92706215468
-3.63775331252
-2.98944097907
-5.03659008782
-6.24021424722
-5.43939481273
-4.82586846676
-4.94034062948
-5.13998818461
-4.94232228824
-4.84209449621
-4.80385122545
-4.94398934697
-5.28399176743
-5.14104166211
-4.98720566603
-4.62270745372
-4.67124460197
-5.33844804807
-5.81396329882
-6.01212561474
-5.57915032575
-5.03115369604
-4.68865654561
-4.64003966691
-5.00584444078
-4.9643249097
-4.51788090242
-3.77485343425
-2.82704424488
-2.12023398526
-1.40574059619
-0.387358618288
0.0878873903305
-0.137074553322
-0.0843093077984
0.0631529244355
0.0464381456097
0.566486750146
0.817162229992
0.506994046349
1.00884642679
1.68893243231
1.50891466413
1.84933044679
2.30786954624
1.68123526221
1.47362105817
1.45496522928
1.44920204859
1.78626219472
1.63835838281
1.03911157581
1.02351928694
1.12246762647
0.693352567892
0.927106248478
0.69255653043
-0.371152408583
0.0813682062797
-0.196738604775
-0.848874939583
-0.817727829527
-0.516533743532
-0.254995893322
-0.291029037178
-0.686091959331
-0.874829101117
-0.640552592101
-0.64804690125
-0.842977203812
-1.04780240359
-1.06633165781
-0.86621665454
-0.615049480179
-2.12354259597
-3.86713682133
-3.97427446307
-1.33126207281
0.821392760101
0.625438535647
0.808631151373
1.01503336189
1.11288550992
1.35602817488
0.99454788862
0.644335262538
0.211886862958
0.178311792871
-0.165045903296
-0.510846505664
0.196665412017
1.01336906217
0.304102929572
-0.520754782242
-0.712288211582
-0.767785825051
-1.01092346857
-0.525424136688
-0.464492406067
-1.63360745067
-1.776230995
-1.67199492242
-2.49279982623
-3.23158930175
-3.96774352126
-5.06724703226
-4.86864039144
-3.28571269563
-4.11559177365
-5.36735314285
-5.42687615918
-5.25103887673
-4.7632043477
-4.27844308071
-4.45064067481
-4.4861763138
-4.48586676459
-4.35150544075
-4.36759259033
-4.56226064029
-4.35480043657
-4.24338307193
-4.4588830422
-4.85581569717
-4.85408746923
-4.75346812146
-4.5831580605
-4.01819078789
-3.74347861894
-3.65334385701
-3.27359322611
-2.78442619145
-1.8737364046
-0.379178486101
0.579206195799
1.51090875649
1.8343255817
0.674954341311
0.643501043384
0.374041287596
-0.168228468308
0.00322507221288
0.220206776361
0.195481901895
0.806477086
1.18714530705
0.909683672651
1.16740790921
1.38672213569
1.31499942864
1.57482536938
2.08211824748
1.79151359329
1.36668880606
0.91734499386
1.43167876235
2.94052041642
2.93776177604
1.81665035921
0.669153804229
0.688832327428
1.24165801976
1.22907048495
0.9848435045
0.094239617033
0.583581300005
0.460846707619
0.441464180724
0.495570706958
0.19479575661
-0.221784072521
-0.290366562276
-0.415188362717
-0.548768354988
0.115403382059
0.848082434026
0.811682378748
0.238186789561
-0.153432913083
-0.330218426325
-0.837850182357
-1.14297453668
-0.908434453305
-0.567801509564
-0.924512350491
-2.82960169754
-3.92331629991
-2.26999072009
-0.0893092425951
0.215072884815
0.667255310247
1.02933213166
0.875799284965
1.40283900013
1.40610855367
0.554814286998
0.683736921148
0.419249009343
0.202455864995
0.00218177811331
-0.189509948337
0.248659938643
0.169709248659
0.163996151083
0.212399733761
-0.570806307483
-0.735593028234
-0.193680732088
-0.436689546963
-0.028546496942
0.353055061166
-1.17755828122
-2.51854387936
-2.53082782119
-2.81608487012
-3.87549959957
-4.35751106523
-4.90756584899
-5.97416982196
-5.29541119238
-3.58793819857
-3.05629126863
-4.23843962773
-5.42848521034
-5.17306272801
-4.62000139452
-4.66743422369
-4.69110525354
-5.00768536952
-5.3448682153
-5.53097003371
-5.25812310609
-4.7101054049
-4.64847492384
-4.80191841298
-4.93951418523
-4.93280774772
-4.53639522954
-4.30779400232
-3.94489595252
-3.64370250454
-3.81345085819
-3.38481099598
-3.01616223941
-2.79818265535
-2.42555778494
-2.61359680641
-2.55412151095
-1.6727221773
-0.120194748497
0.80286842921
0.973619389571
1.2729877404
0.634880647184
0.2933865095
0.401800430826
0.428285979022
-0.0327033374243
-0.0448888911492
0.777501358418
0.686260985596
0.242329948904
0.591505315144
1.57372163123
1.59958623761
1.35470863194
1.20180934055
1.79507663301
1.86391084065
1.30517391603
0.792045872423
1.30583265738
0.869614603901
0.342350981062
2.20581549062
3.63626672619
3.26641586389
2.41134863121
1.22946058212
0.943649445263
1.3926179292
1.04873708051
0.316313119437
0.0193495427401
0.337898846498
0.590022304571
0.57679848004
1.32593486791
1.53211658627
1.01412883562
0.34194038267
0.364285014679
1.03022176631
1.31320864538
1.36642049398
1.06318453335
0.864109864849
0.751404843649
0.990766580656
0.648545819147
-0.0648315065326
-0.68698581491
-0.836693623398
-0.838749567424
-0.796851620871
-0.785472324013
-1.26208568918
-0.643941544381
-0.206057950769
-0.0946707811973
-0.267775254776
-0.950552742535
-0.013639169502
1.6057544295
1.90700972984
1.61127492883
1.37246436515
0.615465688236
0.34308232876
0.0263952077767
-0.318903443018
0.467046955008
0.288169764586
-0.306262996174
-0.303052947496
-0.688118197305
-0.854087357049
-1.00936380267
-1.90843847415
-1.50965186153
-0.961007385627
-2.44642719272
-3.84644914096
-3.88661596593
-4.55602903832
-5.47257345334
-5.65152202682
-6.03791200133
-6.16549235462
-4.68495386419
-3.11986880742
-2.54577399942
-3.15902588521
-3.62985330412
-3.47949264856
-3.24467996154
-3.32951731081
-3.29597071914
-3.00411874573
-3.32488300568
-5.49933628393
-6.33778852397
-6.12505484576
-5.58601433402
-5.06047558231
-4.88134384902
-4.78955437622
-4.3848460376
-4.19724395172
-3.94844276004
-3.502602667
-3.32743182116
-2.42776610418
-2.04670113799
-1.7851145342
-1.57565551787
-2.2425595179
-2.10085061182
-2.0657967344
-1.84316023336
-1.21461034164
-0.315449028116
0.455514425536
0.380843369891
0.422983276434
0.306451677128
0.266399916822
0.483217184189
0.0819188884408
0.123484502701
0.274673465823
0.533635042356
1.52930294085
2.13184875092
1.91896188179
1.48529711704
1.68494258451
1.96015629578
2.30628553407
1.40688569374
0.541503247061
1.57783023833
1.39717366711
0.692523708986
2.41311846592
2.76463330023
2.14763346246
1.60733059014
0.643077575374
0.41597030186
0.373878031536
0.0804838058191
0.222767329664
-0.0982270422249
0.221628734595
1.14485963984
1.50565139479
3.40151097456
4.25841879714
3.7492554135
2.37611742947
1.12500667024
1.51291993311
2.27812336331
2.81220612838
3.04503090832
3.04949606837
3.15168597409
3.2763022591
2.05628414242
1.28372412737
0.568908489871
0.15716725031
-0.27060479722
-0.356734604998
-0.363758132113
-0.296970455738
-0.644860901276
-0.75492986235
-0.621545744625
-0.456802060116
0.373506098072
-0.483423873872
-1.68423043528
-0.14260369102
0.801664188056
1.38857327786
2.0179861811
2.06257668653
1.68326272603
1.09902996665
0.487275791894
0.173068739227
0.412215046456
0.243930591615
-0.456495870338
-0.717581629695
-0.597517281607
-0.504502077856
-0.411144838129
-0.779785856266
-1.62124370877
-1.99919091215
-2.1333387607
-3.05536373403
-4.02684223384
-4.53437806414
-4.94230621788
-5.81211902045
-6.12082455666
-6.40238452048
-6.08438038772
-4.9793943579
-3.98867088016
-2.96882341841
-2.687640781
-2.80267432664
-2.46446302609
-2.46853547551
-2.65795932284
-2.33279475715
-1.76942850752
-2.09541279789
-3.30773560034
-4.27699557832
-4.97811870474
-5.40670300231
-5.01245005879
-4.16234347756
-3.69318002467
-3.40452494602
-3.63772792745
-3.67410130237
-3.1153555253
-2.66591280085
-2.35235322576
-2.45456570889
-1.74646788665
-0.85678155437
-0.481677791392
-0.441162693223
-0.969277917978
-0.705169938895
-0.983485941394
-1.65719350743
-0.858923720839
-0.57574669979
-0.0779808394267
0.493597877794
0.237751895016
0.235816084473
0.446889981756
0.210399650794
0.284664832519
0.105733256368
-0.23103146313
-0.164866851062
0.310126244511
0.82256668348
1.31887515129
2.11276361188
2.09645510615
1.88762656995
2.63959575495
3.25224474662
2.851579421
2.30258745205
1.93467049397
2.23546471342
1.35209043302
1.0335433785
2.27893076713
2.32865034529
2.08755913189
2.79870386051
1.20060980283
0.11811870794
0.425505442984
0.420571347705
0.892397921103
1.43676396467
0.809532214688
0.870460902114
3.03058350906
3.42353497861
4.07060491224
4.30000516667
3.63569908276
2.72884024544
2.88357637477
2.55809382272
2.65061275541
2.23779533314
3.87068262097
5.39517629534
5.13882194194
3.79341007793
2.50212618824
1.86287622197
1.21565709923
1.33834522782
0.946654729674
0.576638694863
0.445031872619
0.485704605506
0.513598027818
-0.535602230578
-0.857877060424
-0.477364439572
-0.825489536242
0.253484146045
1.39193039151
-0.610672522569
-0.96859411921
-0.0169426543763
1.04180863277
2.37139666259
2.48315166953
2.33536500563
2.14699775818
0.919665747873
-0.0395697144314
0.176346441753
0.372543071299
0.0662566090593
-0.407433824986
-0.403965690753
-0.177155827161
-0.694430194661
-1.10179585109
-0.839698477793
-0.651450738345
-1.43375427017
-1.71405854591
-2.44531668145
-3.69682366088
-4.95245506546
-5.72545282833
-5.88519880476
-6.28324288623
-6.23639922262
-6.01085334932
-5.41722139594
-4.22333134873
-3.62523611701
-3.56638903871
-3.17467198874
-3.26678157849
-3.14456626263
-2.71362926131
-1.8994127542
-1.25113191075
-0.983522571499
-1.86089996277
-4.24618784119
-4.91091743704
-4.17346576614
-3.88043189883
-4.30271402233
-4.0568653185
-3.50076550767
-3.35074097006
-2.75187851455
-2.5055212824
-2.84363187134
-2.91289965266
-3.13977004869
-2.87663959605
-2.49111900876
-1.89282673102
-0.964315493004
-0.669734458557
-0.513894384231
-0.722263937251
-1.01894252982
-1.24082709027
-1.35396484642
-0.276667561762
0.419627839574
0.23190853762
-0.238012668197
-0.504047106098
0.0848249272352
0.277263055932
0.241099806386
-0.427318617633
-2.07593200683
-0.991381997891
0.263095422725
-0.225971454069
-0.264173081966
0.785918336918
1.09680842829
0.912744335883
1.50598157722
2.18740687834
1.54787105147
1.28800159481
2.0010621857
3.97390948234
4.35025487957
4.10885968619
3.56030864581
1.68405900096
1.51372212783
2.49643619404
1.78913864832
1.00110556837
1.70233147329
1.77824083639
0.515482991634
0.0240048671314
0.616415696264
1.19990924903
1.2052353769
0.818075095981
0.787038756452
2.03319152103
2.41009494391
2.8116035594
2.89904413658
2.68137791479
2.80431463673
3.39493046882
4.04610745909
4.71160306267
3.80017171925
3.30488241071
3.71825243834
4.2422980237
4.05138406115
3.23029797851
2.61154480112
2.18746070192
2.6551906863
2.31625638174
1.77691431524
2.02411877273
1.85527224681
1.47500925833
1.0391648221
1.43598486534
1.15973767506
0.182228322182
0.0431142492779
-0.525680507941
-0.764850940739
0.674791063059
1.77557125222
0.401270396442
0.0954597670773
-0.116480267048
-0.0284122792058
1.41305639891
2.02572864012
2.13956244915
2.28960992428
1.73571158939
0.750355846372
0.336351469915
-0.299040177421
-0.698546557175
-0.171232763351
-0.325989341753
-0.357864074947
-0.381739413638
-1.07745174489
-1.36010992709
-0.580549719682
-0.251335482893
-1.54555145587
-2.33812310965
-2.77587649348
-3.79795913123
-4.60622008221
-5.49466817047
-6.0262520711
-6.00243369804
-6.33009123057
-5.66238370844
-4.89795247071
-4.37121592289
-3.83211104349
-3.43079813984
-2.90416576184
-1.99761344216
-1.26517547628
-0.782449998647
-0.926331963489
-1.13794562887
-1.21958316282
-1.45929749978
-1.96202735057
-2.89832521028
-4.4188187066
-4.30788772579
-4.45349548396
-4.7147174772
-4.35385846383
-3.62812598838
-2.88863223846
-2.42784448539
-1.94508892494
-1.48201547278
-1.56675943197
-2.3625316742
-3.4764265573
-3.57655913329
-3.11649507011
-2.65904871273
-1.76922954485
-1.39742522801
-1.59903409663
-1.68145617371
-1.76842700465
-1.51907546731
-1.76734549847
-1.7330588137
-0.264421564412
0.365274686854
0.304746912926
0.101461026196
-0.534441021515
-0.0845849781007
0.450484343277
-0.808071127662
-2.34893347681
-2.53496711322
-2.487360758
-0.216328267108
1.34888439298
0.57430566727
-0.06361399674
0.0915178412858
1.25614084057
1.63145651812
1.20854887335
1.37059707484
1.80634221664
1.3982744538
0.103180865342
1.27331515618
3.58555136117
4.3146461419
4.90557790003
4.12239193054
2.48147316635
2.5840686232
2.197838813
0.874247255216
0.316861415788
0.920098407234
1.26407975304
1.15010979818
1.34754357317
0.515943425084
0.491043212827
1.92159263262
2.23832477563
1.94512624481
1.82841262678
2.25562995178
2.15805122936
2.20657118856
3.43108515935
3.8806615472
3.88160585846
4.23999462501
5.24055340438
4.84242630498
4.1404844871
5.21001409018
5.05863655978
4.0726205784
3.37943371659
3.40467146773
3.35391754129
3.19089714875
2.59915671371
2.49476170089
2.99861656713
3.00108317655
2.45329926342
1.61650746532
1.72690664736
1.60000490516
0.882781775585
0.327328263617
0.362301646506
-0.373060576799
-0.787009668142
-0.182698902408
0.22823283056
0.0452854282917
0.194583115264
-0.424382343703
-0.5142177933
0.103364634443
0.559541610187
0.457891641488
0.57282856015
0.0434642529048
-0.660018985579
-0.269205756016
-0.64892301456
-1.32614310015
-0.320564272249
-0.164982332791
-0.063733203629
-0.0608068301814
-1.13648524138
-1.76493290227
-1.40743578572
-0.991533562687
-1.93845785391
-2.49772356569
-3.381250814
-5.13816951282
-5.84359853481
-6.13667447811
-6.8001987961
-6.46878303656
-6.21136613307
-5.43420670776
-4.63649016581
-3.32167555504
-2.44904618723
-2.56670563629
-2.01109935442
-1.92554645934
-1.61472502034
-1.30612304134
-1.5683565974
-2.12963611723
-2.56759272121
-2.5067539568
-2.27612926715
-2.22136348752
-2.97449725579
-3.58136240506
-3.67788226359
-3.51319119601
-2.6289798172
-2.19540601749
-1.72030469218
-0.795025061764
-0.0149266757138
0.176426978449
0.265007092878
-0.040261353195
-1.06695016005
-1.84666443865
-2.42395825988
-2.25308492019
-2.06254551501
-2.46711074496
-2.78708957746
-3.35707319824
-4.05963737139
-3.79886063657
-3.59647520969
-3.45562945584
-2.20374287462
-1.71437747812
-2.19396131896
-2.92707092359
-2.50841765384
-0.943919594766
-0.905518124564
-2.32902953476
-2.84817233319
-2.25758677438
-1.98304009869
-0.311573797442
0.73767252513
0.836194398506
0.485006746187
-0.663203774136
0.041671238766
1.12872746461
1.82686030582
0.512181775804
0.881070992484
1.98111753195
0.164354962212
0.883118798993
1.82256394344
2.37562938698
4.55932333801
4.88728200058
4.33222604321
3.49259111896
1.44266358332
0.895406189762
0.504061595226
0.911832756002
1.63571963317
1.57826817397
2.47562477328
0.859916620066
-0.559824688471
0.99267561756
1.47860539897
2.08619367581
2.69194611543
2.88022637273
2.18464208325
2.47335239311
3.53224932718
4.17009144356
4.15611264551
4.02262511045
4.00437480528
3.83121640908
3.99639463795
4.29565189634
3.8348537956
3.88700757144
4.07902347543
3.91811921666
3.66677902906
3.69004058007
3.5831815643
3.00840591564
3.4065859347
3.67620966689
3.87689470382
3.85787282852
3.01041643944
2.32313896979
1.58334270969
0.920464824763
0.738603482731
0.856970598227
-0.365281798907
-1.2281645494
-1.23229367871
-0.748071098208
-0.0927473374132
0.122006424289
-1.24124440811
-1.38690943596
-0.456957787961
0.0475306606925
0.261271262497
0.376837832139
0.350448092985
-1.22785285901
-2.2611485458
-1.30162620481
-1.10220627731
-0.855739587264
0.154494153671
-0.547613254621
-0.797605934777
-0.442747836241
-1.02138419441
-1.34002076133
-1.10352848256
-1.83052946597
-3.21606908444
-3.21619692295
-3.03971303239
-4.59028462948
-6.51792476613
-6.55836626681
-6.50446856582
-6.96013390498
-5.98422288013
-5.20876841837
-4.45645504845
-3.39136896013
-3.41600153297
-3.19462309627
-2.73905554275
-3.03683855229
-3.91866438058
-3.36023989598
-3.05122742605
-3.51348736746
-4.108000586
-4.71976025331
-4.72182294522
-4.52343406113
-4.1361361086
-3.30116637072
-2.42757267734
-1.17050868694
-0.418374799673
0.195801302097
0.301005010575
0.301324366286
0.522253011886
1.22547649324
2.05324030722
1.89577767272
1.83851500486
1.28773492391
-0.0430563801669
-1.40871468006
-1.89417623284
-1.88959468004
-2.74517069103
-3.49586235225
-4.23209659439
-4.70335377414
-4.9006367239
-5.56216374578
-5.38958924346
-4.72075651104
-4.36205964626
-4.46280436642
-4.58949878403
-4.83012343369
-4.77373269392
-3.9327398834
-4.0305329808
-3.82747991116
-2.99472922566
-1.63969700455
-0.752467894913
0.110233301256
2.67557614563
1.61378584756
0.823392174896
-0.170074405045
-0.510225738018
0.551689115622
0.985305418111
1.86240262966
0.492868997974
1.12693016753
1.69595415943
0.0505987989723
1.40198903741
1.02772487466
0.0192573777772
2.90955467264
4.78594288248
5.3032867762
4.69676408254
2.06527939417
1.52675541934
1.23968964448
-0.37903320495
1.11746207351
2.35957867575
2.50941328825
2.0007751364
0.305726521178
0.60604914454
2.14042640419
1.96358827584
2.33537707052
2.38475104126
2.0652022857
3.83469147356
3.99386426392
3.51843791971
3.04293600107
4.08372440073
4.80743136439
3.85074015405
3.39514152785
3.17515502256
3.50321358302
3.67613769029
3.82855754515
4.15042495253
3.85132899006
3.60277615657
3.43883802096
3.54054289164
3.69776365544
3.46277344046
3.76274897088
3.66732181997
3.69079673907
3.57448473738
2.60283238418
1.53418304283
0.944480066672
0.721492933763
0.31386568845
0.2134549142
0.221576287305
-0.516486657968
-1.53437595422
-2.53838060957
-2.66706099168
-1.02314265324
0.354367901497
-0.521856009524
-1.49281152977
-0.860672351458
-0.298159990851
0.26210049311
-0.073854810882
-0.236534420938
-0.404898018889
-1.99287705441
-3.438371216
-2.69813768411
-1.23907484211
-0.429107702986
0.343073162307
-0.121395693731
-0.847202842624
-0.527748801447
-0.723478688129
-1.44437738101
-1.38177879678
-1.39550082567
-2.804188279
-3.60525298426
-3.2107059904
-3.48852088467
-4.73861741963
-7.18160164926
-7.5369223191
-7.2064381788
-7.2792583964
-6.07898580954
-5.17530739716
-4.65596317182
-3.32771120799
-3.66499385669
-4.15366347646
-3.67114203021
-4.41277336922
-4.98465474154
-4.16726118222
-3.26830201163
-3.39597831881
-4.0998376738
-4.14275026958
-4.34562222995
-4.38410468144
-4.38350593593
-4.22861390678
-3.34706434321
-2.44609460266
-1.38453514623
-0.884410014405
-0.711377371671
-0.12463505396
0.513493703963
1.06251177707
1.03692508614
1.88879489864
2.85966562416
2.48966212254
2.08531651877
1.5237528845
0.838424400611
0.117457932583
-0.94995550072
-2.17059552743
-3.55566382664
-3.40965536787
-3.97626959153
-5.37220537234
-5.47871567488
-5.45353808919
-5.49380991981
-3.71349185765
-1.7726553043
-3.73122200695
-4.65735415259
-5.16507215672
-5.0601504632
-5.41363691164
-5.68490471895
-5.22621269367
-3.96125377251
-1.97541686165
0.179522610221
2.93422603835
3.64336408403
2.97452743202
3.22584743394
1.68820550404
1.38952628901
0.553064361239
0.311403885007
0.649203016398
0.306093058986
1.19502327293
0.900558115973
0.719574456467
1.48454859755
0.228185675883
1.08300294401
1.91192582602
0.725796131254
1.64191135124
2.40681437381
3.53890120892
5.88847158218
5.3118136249
3.42613513733
2.62816727738
1.57595291104
0.540255558173
1.34068485159
2.79996956933
2.91270397498
2.34565330833
1.21759144203
0.734841753861
1.41083615016
1.87824616858
2.43604045169
2.4345907431
1.78967409383
2.28338529015
3.25669909805
3.14671940304
2.97444637234
3.6971806808
4.34539004111
3.44246891585
2.13723112795
2.7012868001
3.40901052693
3.03790392803
3.29009430572
3.37506080939
3.23117292543
2.87185970256
3.19036272319
3.26229322659
3.69204596728
4.08742815162
3.34732023695
3.1328879999
2.85816003798
2.82676305212
2.17972838245
1.26614701595
1.07051671264
0.756992501342
0.151985685118
-1.03666249804
-1.09648980303
-0.504764870749
0.113632452986
-0.834410650364
-2.10230312217
-1.24703960044
-1.09368916557
0.0129918921925
-0.279165583534
-0.91599001284
-0.889993496313
-0.653708780539
0.0879663722659
-0.188574573464
-0.318892135203
-0.204493247224
-0.970717346118
-3.6607950182
-4.26913920186
-1.47053545709
-0.390364440157
-0.298843302599
-0.1350404893
-0.741815287471
-0.932893470767
-1.20500320547
-1.27129371617
-1.13057585265
-1.76552791824
-3.37367068722
-4.65411245837
-4.37481143982
-4.37415431803
-6.0715552337
-7.8692989993
-7.88657544235
-7.76725828374
-7.45497481359
-5.88526905047
-5.09087321325
-4.75239753629
-4.03809035995
-3.77466729616
-3.97174610086
-4.65816153949
-5.47165920343
-4.62006563807
-3.52815611
-2.987201456
-2.83598685538
-2.76523180941
-2.34636697863
-2.38671481584
-2.76333485886
-3.20882689527
-3.34334485458
-2.80212401421
-2.65634044784
-1.88540042434
-1.00572231657
-0.496392630085
-0.121370148251
0.429343537811
0.881180684184
0.800248521375
1.52565254148
2.0864097103
2.07199392147
1.59419970179
1.12679622777
0.84961359032
0.0900824245406
-0.558859560797
-1.45537843001
-2.28462870856
-3.46680701172
-4.66064226598
-5.12802104217
-5.28752188785
-5.23352918812
-4.51841943825
-2.40920013381
-1.40659370849
-4.3992580818
-4.64817033516
-5.1837994466
-5.40982423718
-5.03150619421
-4.24229075859
-2.98875197061
-1.47315420845
0.811344206484
1.5739971191
1.9878219574
2.71665777223
1.8490156198
1.5560693133
1.30426984466
1.32760244375
1.3362465735
0.907434175475
0.532795121498
0.373480185188
1.1667279279
1.31564582206
1.04461855474
0.805972430698
0.656290463237
0.902641943134
1.15520727441
1.78761734666
1.92189924932
0.28879277735
1.91266115902
5.09900847956
4.51038247507
3.01258042121
2.2883176615
1.40180695541
1.00082430183
1.92035844984
2.57399827199
3.35891953975
2.34824007622
1.70532014457
2.74722028146
2.20782202966
1.72753107812
2.5170137855
1.56800159227
1.57986719811
2.57036472939
2.60754978223
1.81657269828
1.53485212064
2.16276626916
2.28730775017
1.84808734667
1.7164364498
1.6575493195
2.0384864764
2.71957966931
3.20795252143
3.99264858089
4.1977209315
3.94058237195
3.72281385371
3.75260960328
3.59212650008
2.8378504528
2.70997117102
3.31148842466
3.36943818349
3.2309592506
2.89575452996
2.49088282273
2.42136508464
2.03596008085
1.40974068924
0.755669892455
0.314082515226
0.434020594557
-0.178922358474
-0.55472086814
-0.97763606569
-1.61726023562
-0.923522482268
-0.65980104957
-0.62890035042
0.142072843449
-0.640163366124
-1.55972001703
-1.35509722089
-1.0901720204
-0.721720130298
-0.69433882409
-0.318041853566
0.0276963198834
0.339823485118
0.270259855895
-0.203422171117
-0.153207173395
-0.898100572198
-4.20485907479
-4.61053281058
-1.77225258047
-0.300954818548
-0.189724412229
0.0448140091224
-0.707298104078
-1.39194707638
-1.61572316814
-2.08817812855
-1.63139640514
-1.20109870294
-2.43868612226
-4.13658118483
-5.32212192231
-5.54003165711
-5.15486905745
-5.84755726249
-7.43716160752
-8.23536559686
-7.86196278552
-8.0328524962
-7.65238995846
-6.26766411184
-5.4490024614
-5.28116246839
-5.14304927689
-4.92281630424
-4.58096272997
-5.24099295264
-5.5424778027
-4.33209438188
-2.94422981404
-2.32868345704
-1.80858172796
-1.28907392941
-0.844300433965
-0.546311864015
-0.466817526353
-0.752844591516
-1.17818597727
-1.9342991154
-2.41658463208
-1.9740924171
-1.80304621646
-1.75106562848
-1.31159542246
-0.754351010664
0.202186985308
0.511124959804
0.408203808958
0.496136768556
0.471549436503
0.649733195658
0.721842949792
0.856540929416
1.18610522398
0.855937601137
0.662690899731
0.658207443689
-0.257258572609
-0.965028468574
-1.04077348837
-1.58519888873
-2.96500710484
-4.49371349788
-5.36546756198
-4.78864082893
-4.83581443845
-4.79502220902
-4.98921292894
-4.63782012357
-3.4036595307
-1.99539493705
-4.68787216912
-5.15757668638
-5.60494078192
-5.7381348407
-5.53409438003
-5.31596305647
-4.48180550986
-3.03408144958
-1.10095816282
0.712011909196
1.16038143372
0.456677817986
0.738226321663
0.819780617773
1.08742555374
2.24446151945
2.15825455728
1.5962941376
1.83205974803
1.23856124452
0.318523444121
0.500353200872
1.14483373968
1.33441983878
1.78703027219
0.889549509628
0.157698710425
0.861143212904
0.510678888442
0.251584014715
2.4927831796
2.63922305103
1.19336313903
1.32139208136
2.5023589857
3.29854197843
2.7140893653
2.32542648979
2.51642635703
2.01934658094
1.29199489844
1.06084596475
1.8385197658
2.64758059181
2.61468258783
1.84577221257
1.37301813377
1.80468344624
1.83229725532
1.85476364642
2.87114167721
2.50288387548
1.72760550081
2.13745076139
2.81299073508
1.48911636319
0.410340153967
0.211898448903
0.752585832295
0.130871897876
-0.765357276428
0.239761614442
1.19904777201
1.44929058368
2.6242211677
3.88829484795
4.35633208441
4.45511095328
4.48740079474
4.18524158037
3.70145756881
3.16164992301
2.73068498577
2.56802778628
2.90067077418
3.141587403
2.96748599372
3.0886818729
3.16907046286
2.86687027428
2.28421545097
1.52468543201
1.26309582829
0.543079011818
0.268894060817
-0.00701784842822
0.163968883424
0.173875677825
-1.27996574212
-1.64363457626
-0.341269403244
0.708127534752
0.295050820617
-1.03423387016
-0.914379214518
-0.715290955475
-0.718818261968
-0.47503090445
-0.930046751995
-0.916209643375
-1.08953058429
-0.742079673889
-0.243276543035
0.0057467401646
0.458975965932
-0.272987903928
-3.02608095647
-3.75278752187
-1.96218931473
-0.692551154435
-0.494048059997
-0.0884530346048
-0.664520754975
-1.38652554716
-1.58784613914
-1.95746850356
-1.7467631771
-1.63580544849
-3.56654061659
-4.69464086537
-5.52747991787
-6.12270332945
-5.95321291959
-6.52454496685
-7.59399367728
-8.25504360307
-8.39367127484
-8.28688144252
-7.65291692384
-6.37045519816
-5.62400000179
-5.58458116287
-5.482239683
-5.00806703628
-4.74810926995
-5.04610649557
-4.13093306763
-2.84849429239
-1.64865796574
-0.885827274803
-0.232294042629
0.0456860710817
-0.0634115070226
-0.0190793611645
-0.152382562263
-0.334998386875
-0.404700499048
-0.540464473213
-0.687047976163
-0.825218595699
-1.206853258
-1.0688444028
-1.04050048211
-1.10365480065
-0.116826322948
0.505662954823
0.427712112524
0.399910573946
0.379801139092
0.313608171986
0.208372956873
0.450867302055
0.795478098325
0.832739564768
0.597461879824
0.147226194119
-0.626094816507
-1.65275776485
-2.82804183414
-3.61902029047
-4.05157035249
-4.68293232703
-4.90675748959
-4.58730606344
-4.63994663587
-4.44919970695
-4.88896029181
-5.32041737332
-4.5283919041
-3.81673810153
-2.55848092823
-6.38901155585
-7.58304794937
-7.81551076394
-7.830310028
-7.74734178377
-6.3286732831
-3.58541273337
-1.40399011417
-0.52023489678
0.229036898243
0.242107927685
0.346547180784
0.589775856269
0.877341030042
1.96075833415
1.92878271871
1.5559078383
1.42734126098
1.31667177603
0.568848257121
0.509241718007
1.1008555338
1.6936029552
3.09137255205
1.86621064368
0.273260126173
0.525494541777
0.00161030466582
0.471896795398
1.85037280237
1.72884416797
1.66946965627
1.96837164931
1.49726865183
2.12033853114
2.74190686877
2.63529552662
3.21995727063
2.86830184261
1.81463386085
1.21453742389
1.2484712888
1.58776941711
1.81900092424
2.1852245513
1.95555329668
1.42407483478
1.59768067376
2.20145708408
2.33247818614
1.96767378637
1.89538147851
2.00463693359
2.02768966279
1.10825192894
0.140236870384
-0.155382564102
-0.100111521255
-0.549175472932
-1.321540635
-0.987773919612
-0.0146473815802
0.600359175337
1.44760780484
2.21524776836
2.74055654801
3.26012380651
3.5399519606
3.25579927703
2.84951941322
2.57923498077
2.4874223411
2.44077680084
2.46676594299
2.43864809272
2.15986590866
2.54085673004
3.16350813581
2.94163615646
2.17070621933
1.74042207189
1.76549236071
1.06647714211
0.338429013384
-0.0895616185591
-0.011822411315
0.386161325264
-0.919321113171
-2.08878520281
-0.502640656345
1.24125666959
0.951327277086
-0.351630963863
-0.0535048422843
-0.675396177548
-0.755434392739
-0.493549570354
-0.625567099419
-0.639490517496
-0.611392373152
-0.753939816242
-0.747798572382
0.226413231166
0.35842459037
-0.183483259303
-1.68397080893
-2.65270351741
-1.29090585745
0.211957834776
0.387965683387
0.520117255571
-0.343695280873
-1.25272446222
-1.74903858262
-1.7454047095
-1.32663921123
-2.65570058733
-4.5542965674
-5.02045664059
-5.54246101736
-6.50227782847
-6.09439980534
-6.70282564743
-7.74994431427
-8.11696452255
-8.13201222583
-7.51751234511
-7.10948280999
-6.46833518668
-5.57801769356
-4.76382763581
-5.02402038417
-4.84176401295
-4.8930138102
-4.53506789719
-3.2132291312
-2.64695769436
-1.74331757245
-0.959690084439
-0.433166274415
0.0660926097574
0.440920275727
0.671264789773
0.490134418786
0.564242045678
0.934122904591
1.02158337609
0.655137262517
-0.207906786652
-0.942290320926
-1.07430970416
-1.12112348271
-1.30913631186
-0.898599615341
-0.301037298613
0.12650487351
0.339408145909
0.210697685461
-0.469764112642
-0.776446368087
-0.242346740235
0.0101977139213
0.156585940836
0.0544855219941
-0.360093477586
-0.933524026532
-1.884619667
-3.00205023042
-3.72611585906
-4.52350731812
-5.30724163991
-5.22843020742
-4.60061102885
-4.58734225563
-5.06993719692
-5.52153097105
-6.02014948492
-6.18797000154
-6.19635806921
-7.66220729411
-9.11037955625
-9.18937538255
-9.37064683944
-9.56969752387
-8.88641104258
-6.10111634983
-1.95998158987
-1.24842239106
-0.977353785722
-0.647339879966
-0.482781814321
0.0856641554415
1.45893046605
2.87145309734
2.30417340676
1.8095791547
1.59343038171
0.908542062468
1.12320841094
0.995488204844
0.777965094889
1.14006895595
1.91779312754
3.5293016225
3.05523807038
1.22833320091
1.01373018838
1.08077004775
1.34441524781
1.42575318301
1.39309033077
1.75817943369
2.05479337421
2.26742443933
2.65191470382
2.85198034007
3.04917100051
3.33653964758
3.04961343085
2.48779681991
1.62093269203
1.199327437
1.68267537325
2.02660457406
2.36533795132
2.33579673818
1.98109309763
1.80398522169
1.91762568154
2.02532046088
2.21358461404
2.41505579016
2.06053367187
1.7545187755
1.44555392888
0.681477194637
0.127065854461
-0.273662191548
-0.246108810494
-0.300645928493
-0.569774333819
-0.604488456349
-0.64072938429
-0.655321092582
-0.508407002383
-0.193616223165
0.603366540665
1.70412273485
2.33159756389
2.49923166011
2.98439633687
4.34841570765
4.51118360515
4.46490585979
4.10656704646
3.22876635249
2.58325387052
2.08874453769
2.36445331146
2.31169679798
1.76932944639
1.46102451127
1.3409846906
1.24819217574
0.957546765214
0.837444773777
0.35088280389
0.167009293664
0.131788862523
-0.632696861277
-1.15371398235
-0.417320464971
0.269968446592
1.0367968109
0.370772238171
-0.52207160245
-0.0177403772862
-0.0472680561656
-0.493950878661
-0.298368614859
-0.294984218669
-0.707356765873
-0.502728496389
-0.510158870087
-0.631757692668
-0.175755966874
-0.157910740394
0.336664790272
0.837383019599
-0.814112233299
-0.790032066101
0.266895403698
-0.247530615169
0.0516763556003
0.0160771676805
-1.47300753532
-1.73072195861
-2.73124416918
-2.65132593515
-1.38763574231
-3.02760145524
-5.18491857857
-5.97507638529
-5.82455191478
-6.87796725317
-6.72253762815
-6.3517481427
-7.36169643952
-6.29991785327
-5.99376795991
-6.24657640346
-6.81788268307
-5.32491794569
-5.47918979936
-5.82426860944
-5.3648265154
-5.52897194387
-5.15837317069
-4.36567130024
-3.89708530936
-3.6449904037
-3.31550434684
-3.01418642572
-1.64125129885
-0.617704395271
-0.126985254102
0.253648132602
1.01340700546
1.40144884377
0.988504011987
0.717527259286
1.12851783764
1.13065092379
0.516621416115
0.0521546600469
-0.407603877373
-0.684695748106
-0.688220403122
-0.897509925719
-1.05653475168
-0.459433920258
0.478700218516
0.655884743523
0.0964727877415
-0.152628553679
-0.393602437054
-0.89426999717
-0.966049222554
-0.704313807339
-0.729447989769
-0.950570646858
-0.728862331626
-0.966792058045
-1.74811593638
-2.41458662651
-3.37661804909
-4.01620940689
-4.68321600112
-5.05903753718
-4.64232727019
-4.66177172324
-5.10377371418
-5.73908840519
-5.94867828803
-6.3976566509
-7.12790301845
-7.92355615144
-9.56671791754
-10.444706971
-10.1828539389
-10.8022970621
-11.0789893398
-9.9123614245
-7.13133736936
-2.0828576628
-1.26171308521
-0.889324307891
-0.490542381286
-0.716365492169
-0.686584014441
-0.536001483076
0.314776696101
1.61903173307
2.13434857477
2.03945496813
2.85862772453
2.57632673724
1.60035664818
1.17282388945
0.560881368462
0.787306106725
1.26492526666
1.92810269519
3.70217419544
4.45034318557
4.10650141242
3.41514386628
3.0325050279
2.83192053231
2.04824851481
1.91667429745
1.67323677784
1.50865131107
1.58789900636
1.42212839653
1.97832305296
3.2938716986
3.81521966302
3.41147475738
3.19356216414
2.58319981672
1.49328738368
1.09456538796
1.41523195651
1.59707910508
1.75524291898
1.74131722533
1.58905513132
1.80057780197
2.0294500295
1.96717172431
1.94929686105
2.20619522666
2.26713387099
2.14425154213
2.05197201684
1.98545812914
1.73358211591
1.37243996789
1.53312718099
1.89771148856
1.72015018427
1.7872465591
1.82534302182
1.04736519737
0.156057432285
-0.387974231604
-1.37145983391
-2.40121429934
-1.36699899594
0.626901243459
2.18599624139
3.41812927634
4.24245812649
4.43127035209
5.06992874634
4.98216729293
3.94783574662
3.26780584445
3.08780652139
2.08770599791
1.65872065408
0.94421488854
0.456605065386
0.93027185331
1.16315377481
1.23120711225
1.12231451011
0.623775954413
0.622242794143
-0.00192590060018
-0.707763772123
-1.23564100909
-0.508685378248
0.223018019709
0.730298413767
1.05434762022
0.0573928666679
-0.289651739845
0.140521339474
-0.27124921997
-0.124988284432
-0.201873905712
-0.640025873781
-0.489679863759
-0.5733363756
-0.553967552287
-0.232442776883
0.158989462583
0.293384576699
-0.344864416279
-0.400035500912
0.852697021654
0.287926707497
-1.06288395303
-0.582105381322
0.307956441598
-1.16392996982
-2.51489675378
-3.6921060593
-2.98547824935
-1.12592444099
-2.65364360726
-5.00592804794
-6.82181516831
-6.23042598092
-6.97721913193
-7.08813102624
-6.98168963145
-7.28513646036
-5.81165890287
-5.94318555474
-5.98373397873
-6.32030542772
-5.55572771026
-4.63196333237
-5.77416958752
-5.50342422295
-4.84050697555
-4.71816685905
-3.62103564329
-2.64012468394
-2.53636269314
-2.43716893308
-2.11336023779
-0.943500570937
-0.00319377609249
-0.199839980486
-0.264339712505
1.0239744