4.94929	42.9397	node[35638]
3.98297	42.871	node[35706]
3.89296	42.8057	node[35579]
3.38441	42.5854	node[35307]
4.70566	42.8372	node[35611]
3.98297	42.871	node[35706]
4.07597	42.7046	node[35352]
3.52033	42.0735	node[34090]
3.56212	42.2183	node[34142]
5.97576	43.061	node[36535]
3.6478	42.541	node[35219]
5.62404	42.9865	node[35651]
3.6478	42.541	node[35219]
3.52033	42.0735	node[34090]
4.4497	43.0213	node[35691]
4.29901	42.7878	node[35355]
3.6643	42.6044	node[35347]
3.6935	42.7996	node[35583]
4.70566	42.8372	node[35611]
4.82438	42.993	node[35673]
3.38441	42.5854	node[35307]
3.6935	42.7996	node[35583]
3.3176	42.3526	node[34357]
3.23601	41.924	node[33950]
5.95771	43.015	node[35189]
3.52033	42.0735	node[34090]
4.70566	42.8372	node[35611]
5.62404	42.9865	node[35651]
4.29901	42.7878	node[35355]
4.70566	42.8372	node[35611]
5.55991	43.1149	node[36518]
3.40271	41.7481	node[33536]
3.53539	42.1397	node[34091]
3.42719	42.1016	node[34088]
4.70566	42.8372	node[35611]
4.70566	42.8372	node[35611]
3.6935	42.7996	node[35583]
3.321	41.7756	node[33610]
5.28211	43.0721	node[35665]
5.62404	42.9865	node[35651]
5.62404	42.9865	node[35651]
4.70566	42.8372	node[35611]
4.34085	42.8967	node[35606]
4.70566	42.8372	node[35611]
4.70566	42.8372	node[35611]
5.95771	43.015	node[35189]
4.78208	42.9693	node[35632]
4.85119	42.9058	node[35634]
5.53656	43.0362	node[35649]
3.66175	42.7774	node[35584]
4.07597	42.7046	node[35352]
3.66175	42.7774	node[35584]
4.07597	42.7046	node[35352]
4.07597	42.7046	node[35352]
3.56212	42.2183	node[34142]
3.53539	42.1397	node[34091]
5.62404	42.9865	node[35651]
3.31048	42.4176	node[34378]
3.98297	42.871	node[35706]
5.62404	42.9865	node[35651]
3.3176	42.3526	node[34357]
3.45457	41.9734	node[33967]
4.45641	42.984	node[35625]
4.54281	42.8298	node[35609]
5.00781	42.9792	node[35642]
5.62404	42.9865	node[35651]
4.54281	42.8298	node[35609]
5.95771	43.015	node[35189]
3.52033	42.0735	node[34090]
4.94929	42.9397	node[35638]
4.70566	42.8372	node[35611]
4.70566	42.8372	node[35611]
3.66175	42.7774	node[35584]
4.70566	42.8372	node[35611]
5.62404	42.9865	node[35651]
