6.15004	42.9228	node[34803]
3.72432	42.0963	node[33971]
5.7941	42.9886	node[35653]
6.15004	42.9228	node[34803]
4.76278	42.7844	node[35612]
3.69557	42.7478	node[35576]
5.44667	43.0291	node[35648]
3.61968	41.9363	node[33905]
3.50435	41.6451	node[33363]
6.15004	42.9228	node[34803]
5.03708	43.0372	node[35643]
4.76278	42.7844	node[35612]
3.69557	42.7478	node[35576]
3.67747	42.3013	node[34383]
3.33549	41.364	node[30435]
4.48161	42.6682	node[35208]
4.16944	42.7302	node[35353]
6.44893	42.9673	node[34794]
3.30485	41.8485	node[33664]
6.15004	42.9228	node[34803]
4.48161	42.6682	node[35208]
5.55099	42.975	node[35194]
6.15004	42.9228	node[34803]
4.76278	42.7844	node[35612]
3.61968	41.9363	node[33905]
3.40496	42.3324	node[34307]
3.50435	41.6451	node[33363]
6.01903	42.9919	node[35188]
4.5715	42.8786	node[35618]
3.47275	42.4962	node[34674]
4.48161	42.6682	node[35208]
5.55099	42.975	node[35194]
3.72945	42.545	node[35218]
4.76278	42.7844	node[35612]
5.0623	42.8912	node[35636]
3.72432	42.0963	node[33971]
3.30321	41.5206	node[33056]
6.44893	42.9673	node[34794]
6.15004	42.9228	node[34803]
4.48161	42.6682	node[35208]
3.72432	42.0963	node[33971]
6.15004	42.9228	node[34803]
3.61968	41.9363	node[33905]
3.25217	41.9319	node[33951]
6.71327	43.0099	node[34862]
4.0382	42.572	node[35215]
6.02053	42.9437	node[34706]
3.89136	42.7464	node[35578]
6.15004	42.9228	node[34803]
3.50435	41.6451	node[33363]
