4.22012	42.9579	node[35753]
4.4497	43.0213	node[35691]
3.44703	42.6253	node[35381]
4.6257	42.9321	node[35628]
3.67865	42.8373	node[35590]
3.5662	42.5457	node[35220]
4.11669	42.7816	node[35369]
4.8448	43.0456	node[36193]
4.67662	42.9391	node[35629]
4.87518	43.2028	node[36759]
3.61427	42.7171	node[35520]
4.6332	43.0357	node[35686]
3.76107	42.8802	node[35738]
4.29901	42.7878	node[35355]
4.89023	42.9444	node[35639]
3.5662	42.5457	node[35220]
3.6935	42.7996	node[35583]
4.36605	42.9614	node[35695]
4.53303	43.0441	node[35689]
4.39308	42.8264	node[35363]
3.5611	42.7989	node[35587]
3.3176	42.3526	node[34357]
3.5662	42.5457	node[35220]
3.40781	42.6141	node[35342]
4.29901	42.7878	node[35355]
4.11422	42.8243	node[35368]
4.11669	42.7816	node[35369]
3.50603	42.5452	node[35221]
4.29901	42.7878	node[35355]
3.5611	42.7989	node[35587]
4.89023	42.9444	node[35639]
4.83668	42.9647	node[35633]
4.46676	42.9327	node[35620]
3.76093	42.7521	node[35577]
3.5611	42.7989	node[35587]
4.11669	42.7816	node[35369]
4.6332	43.0357	node[35686]
3.76093	42.7521	node[35577]
4.03852	42.9382	node[35768]
3.50635	42.7754	node[35571]
4.29901	42.7878	node[35355]
3.50635	42.7754	node[35571]
3.38441	42.5854	node[35307]
3.40413	42.2657	node[34306]
3.9539	42.9124	node[35745]
3.76107	42.8802	node[35738]
4.11669	42.7816	node[35369]
4.29901	42.7878	node[35355]
4.0591	42.8072	node[35597]
3.59618	42.595	node[35346]
4.29901	42.7878	node[35355]
3.56244	42.6068	node[35378]
3.5662	42.5457	node[35220]
4.47757	43.0519	node[36180]
4.08021	42.9397	node[35749]
3.89296	42.8057	node[35579]
3.5662	42.5457	node[35220]
3.76107	42.8802	node[35738]
3.37441	42.4531	node[34641]
4.39308	42.8264	node[35363]
3.5662	42.5457	node[35220]
3.9539	42.9124	node[35745]
3.3447	42.3233	node[34304]
4.94929	42.9397	node[35638]
3.60054	42.8103	node[35588]
4.94929	42.9397	node[35638]
4.22012	42.9579	node[35753]
4.89023	42.9444	node[35639]
3.5662	42.5457	node[35220]
4.39308	42.8264	node[35363]
3.76107	42.8802	node[35738]
3.65255	42.6883	node[35375]
4.29901	42.7878	node[35355]
4.29901	42.7878	node[35355]
3.76107	42.8802	node[35738]
4.39308	42.8264	node[35363]
