3.07104	42.7979	node[35828]
3.12076	43.0236	node[36128]
3.13933	42.5158	node[35243]
3.16625	42.3835	node[34368]
3.17108	43.1442	node[37154]
3.17135	42.6389	node[35333]
3.19393	42.3561	node[34333]
3.21679	42.9052	node[35948]
3.22753	43.1127	node[37025]
3.27762	43.2297	node[37400]
3.28237	43.2335	node[37412]
3.29159	42.7165	node[35509]
3.34154	43.2705	node[38147]
3.34796	43.2725	node[38146]
3.34859	43.0035	node[36027]
3.35834	42.8419	node[35856]
3.39496	43.139	node[37036]
3.4007	42.4108	node[34380]
3.40413	42.2657	node[34306]
3.43668	42.7332	node[35524]
3.44703	42.6253	node[35381]
3.45135	43.2689	node[38107]
3.47275	42.4962	node[34674]
3.4807	42.4141	node[34639]
3.50208	43.0529	node[36314]
3.5641	43.2165	node[37244]
3.56991	42.8794	node[35783]
3.61663	42.6887	node[35519]
3.62338	42.7913	node[35585]
3.6478	42.541	node[35219]
3.65026	43.3862	node[38376]
3.65308	43.2883	node[37876]
3.69708	43.1459	node[37002]
3.70489	42.4688	node[34677]
3.70681	43.3731	node[38339]
3.75017	42.341	node[34384]
3.75521	42.9702	node[36236]
3.7969	42.6834	node[35373]
3.80942	43.427	node[38613]
3.82895	42.8762	node[35740]
3.84346	43.329	node[38225]
3.85289	43.1845	node[37196]
3.89296	42.8057	node[35579]
3.92213	42.4611	node[34680]
3.92262	42.5277	node[35216]
3.92931	43.0872	node[36439]
3.96973	43.4236	node[38407]
3.99518	42.3552	node[34473]
4.00919	43.2695	node[37481]
4.0241	43.1577	node[36991]
4.07597	42.7046	node[35352]
4.07942	43.0439	node[36225]
4.08613	42.6216	node[35214]
4.09436	42.5282	node[34682]
4.10958	43.5248	node[39126]
4.13629	42.9324	node[35702]
4.16944	42.7302	node[35353]
4.17582	42.4133	node[34476]
4.18362	43.3055	node[37917]
4.18505	43.1994	node[37217]
4.21974	42.8725	node[35366]
4.27052	42.9886	node[35759]
4.27784	43.37	node[38429]
4.31142	43.2343	node[37493]
4.32571	43.1041	node[36459]
4.34092	43.4398	node[38751]
4.34468	42.6026	node[34685]
4.40136	42.3973	node[34479]
4.40827	42.9364	node[35624]
4.40921	43.4171	node[38717]
4.45352	42.2927	node[34438]
4.46869	42.3535	node[34466]
4.47028	42.7644	node[35362]
4.48161	42.6682	node[35208]
4.49837	42.5379	node[34628]
4.51986	43.4437	node[38860]
4.5206	42.9143	node[35619]
4.5774	43.4282	node[38823]
4.57792	42.4656	node[34627]
4.58528	43.1764	node[36835]
4.59031	43.4002	node[38490]
4.60943	43.0494	node[36185]
4.6236	42.8266	node[35610]
4.70001	42.9617	node[35630]
4.72634	42.2934	node[34440]
4.74168	42.5276	node[34625]
4.7604	43.2506	node[36849]
4.76682	42.7149	node[35205]
4.7869	42.8512	node[35615]
4.79448	43.0947	node[36477]
4.82438	42.993	node[35673]
4.85227	42.2937	node[34460]
4.88872	42.4735	node[34485]
4.90942	43.414	node[39457]
4.9207	42.7666	node[35203]
4.93063	43.3374	node[39320]
4.93439	42.6027	node[34623]
4.93931	42.8793	node[35635]
4.99297	42.3959	node[34487]
