3.04783	42.55	node[35258]
3.04877	42.9675	node[36084]
3.09154	42.7907	node[35816]
3.1183	42.6602	node[35434]
3.13688	42.6657	node[35435]
3.14407	42.5581	node[35266]
3.15315	42.2572	node[34268]
3.16147	42.4588	node[34662]
3.1625	42.7992	node[35823]
3.16625	42.3835	node[34368]
3.17084	42.4756	node[34664]
3.17188	42.9122	node[35967]
3.17366	42.4646	node[34661]
3.19247	42.9012	node[35949]
3.2114	43.1779	node[37286]
3.21313	43.0841	node[36381]
3.24852	43.0049	node[36136]
3.25038	43.2057	node[37344]
3.27143	42.3498	node[34354]
3.27934	43.0332	node[36291]
3.28237	43.2335	node[37412]
3.30005	42.3414	node[34356]
3.30965	42.3293	node[34311]
3.31539	42.3148	node[34303]
3.32482	43.0642	node[36306]
3.34154	43.2705	node[38147]
3.34796	43.2725	node[38146]
3.3548	43.2629	node[38097]
3.40934	43.2734	node[38137]
3.4251	43.1134	node[37014]
3.43046	43.1918	node[37309]
3.44339	43.1277	node[37039]
3.47683	43.1393	node[37041]
3.51936	43.1621	node[37043]
3.55688	43.1842	node[37068]
3.57357	43.3175	node[38205]
3.58216	43.2275	node[37243]
3.61724	43.2245	node[37241]
3.67925	43.386	node[38379]
3.7516	43.2939	node[37866]
3.75803	43.4262	node[38606]
3.76726	43.3033	node[37883]
3.79318	43.3189	node[38052]
3.84447	43.4727	node[39085]
3.87937	43.3975	node[38325]
4.03721	43.3889	node[38235]
4.10113	43.4873	node[39000]
4.10964	43.4208	node[38537]
4.15097	43.3627	node[38038]
4.27271	43.3219	node[37929]
4.30833	43.3164	node[37911]
4.3568	43.3028	node[37842]
4.36602	43.4361	node[38793]
4.43855	43.3049	node[37776]
4.44039	43.2923	node[37763]
4.45799	43.3737	node[38444]
4.47818	43.2875	node[37761]
4.57358	43.2894	node[37597]
4.5774	43.4282	node[38823]
4.62579	43.2823	node[37591]
4.65716	43.2791	node[37509]
4.69103	43.2815	node[36955]
4.71055	43.2867	node[36954]
4.84266	43.3284	node[37716]
4.84431	43.3146	node[37618]
4.88299	43.3168	node[37620]
4.88879	43.402	node[39422]
4.9848	43.3915	node[39433]
5.01582	43.3276	node[37692]
5.09311	43.3189	node[37685]
5.19217	43.3313	node[37677]
5.34382	43.2132	node[36916]
5.37781	43.195	node[36920]
5.82679	43.0439	node[36585]
3.16492	42.7842	node[35820]
3.18527	42.4581	node[34655]
3.19736	42.6036	node[35300]
3.2027	42.1307	node[34079]
3.20398	42.9238	node[35969]
3.2047	42.2119	node[34188]
3.21348	42.9436	node[35992]
3.27914	43.0172	node[36138]
3.30322	42.0812	node[34084]
3.30705	42.2687	node[34293]
3.33464	43.0452	node[36288]
3.36857	42.7069	node[35458]
3.37177	43.0744	node[36308]
3.37253	42.0726	node[34086]
3.39693	42.8753	node[35892]
3.41958	42.4652	node[34640]
3.42688	42.1967	node[34140]
3.45506	42.2486	node[34152]
3.49703	42.5767	node[35344]
3.49959	43.1446	node[37042]
3.52718	42.8068	node[35720]
3.54137	43.1658	node[37044]
3.54406	43.0106	node[36250]
3.59618	42.595	node[35346]
3.65255	42.6883	node[35375]
3.65615	43.2299	node[37238]
3.69301	42.9061	node[35735]
3.74336	42.7902	node[35582]
3.74793	43.1106	node[36432]
3.80495	43.2337	node[37232]
3.89686	42.9962	node[36231]
4.01321	43.1351	node[36796]
4.01641	42.8397	node[35596]
4.1094	42.9633	node[35750]
4.11422	42.8243	node[35368]
4.1463	43.259	node[37486]
4.15068	43.1016	node[36786]
4.17908	43.3421	node[37924]
4.21974	42.8725	node[35366]
4.28703	42.8525	node[35365]
4.32442	43.2914	node[37844]
4.38007	43.0637	node[36214]
4.38654	42.8706	node[35607]
4.40827	42.9364	node[35624]
4.48107	43.2021	node[36968]
4.53367	43.2736	node[37744]
4.6332	43.0357	node[35686]
4.67662	42.9391	node[35629]
4.79061	43.265	node[36951]
4.81373	43.3029	node[37577]
4.83668	42.9647	node[35633]
4.87072	42.9779	node[35640]
4.92697	43.0517	node[36195]
5.00586	43.2337	node[36945]
5.19355	43.1304	node[36750]
5.20111	43.3044	node[37635]
5.28061	43.111	node[36511]
5.30949	43.3398	node[39510]
5.35607	43.0958	node[35664]
5.45578	43.1562	node[36742]
5.60116	43.0314	node[35650]
3.23601	41.924	node[33950]
3.31048	42.4176	node[34378]
3.3176	42.3526	node[34357]
3.321	41.7756	node[33610]
3.38441	42.5854	node[35307]
3.40271	41.7481	node[33536]
3.42719	42.1016	node[34088]
3.45457	41.9734	node[33967]
3.52033	42.0735	node[34090]
3.53539	42.1397	node[34091]
3.56212	42.2183	node[34142]
3.6478	42.541	node[35219]
3.66175	42.7774	node[35584]
3.6643	42.6044	node[35347]
3.6935	42.7996	node[35583]
3.89296	42.8057	node[35579]
3.98297	42.871	node[35706]
4.07597	42.7046	node[35352]
4.29901	42.7878	node[35355]
4.34085	42.8967	node[35606]
4.4497	43.0213	node[35691]
4.45641	42.984	node[35625]
4.54281	42.8298	node[35609]
4.70566	42.8372	node[35611]
4.78208	42.9693	node[35632]
4.82438	42.993	node[35673]
4.85119	42.9058	node[35634]
4.94929	42.9397	node[35638]
5.00781	42.9792	node[35642]
5.28211	43.0721	node[35665]
5.53656	43.0362	node[35649]
5.55991	43.1149	node[36518]
5.62404	42.9865	node[35651]
5.95771	43.015	node[35189]
5.97576	43.061	node[36535]
3.25217	41.9319	node[33951]
3.30321	41.5206	node[33056]
3.30485	41.8485	node[33664]
3.33549	41.364	node[30435]
3.40496	42.3324	node[34307]
3.47275	42.4962	node[34674]
3.50435	41.6451	node[33363]
3.61968	41.9363	node[33905]
3.67747	42.3013	node[34383]
3.69557	42.7478	node[35576]
3.72432	42.0963	node[33971]
3.72945	42.545	node[35218]
3.89136	42.7464	node[35578]
4.0382	42.572	node[35215]
4.16944	42.7302	node[35353]
4.48161	42.6682	node[35208]
4.5715	42.8786	node[35618]
4.76278	42.7844	node[35612]
5.03708	43.0372	node[35643]
5.0623	42.8912	node[35636]
5.44667	43.0291	node[35648]
5.55099	42.975	node[35194]
5.7941	42.9886	node[35653]
6.01903	42.9919	node[35188]
6.02053	42.9437	node[34706]
6.15004	42.9228	node[34803]
6.44893	42.9673	node[34794]
6.71327	43.0099	node[34862]
3.42242	41.5691	node[33054]
3.49664	41.8075	node[33666]
3.57048	41.3292	node[30368]
3.69444	42.3963	node[34637]
3.82644	41.9563	node[33670]
4.09436	42.5282	node[34682]
4.2117	42.6731	node[35212]
4.38462	42.3223	node[34467]
4.3939	41.5867	node[30635]
4.51386	42.7191	node[35358]
4.70945	42.0842	node[33875]
4.93358	41.8717	node[33688]
5.07312	42.4947	node[34491]
5.17235	41.5416	node[32997]
5.36218	42.8541	node[34698]
5.43403	42.2587	node[34425]
5.72803	41.3574	node[30649]
5.7631	41.7905	node[33388]
5.91968	42.4579	node[34502]
6.05303	42.8529	node[34609]
6.2704	42.1316	node[33707]
6.39565	41.448	node[30786]
6.58818	42.6758	node[34515]
6.76814	41.8026	node[33408]
