0.00
0.00
0.00
0.00
0.00
0.00
0.00
0.00
0.00
0.00
0.00
0.00
0.00
0.00
0.00
0.00
0.00
0.00
0.00
0.00
0.00
0.00
0.00
0.00
0.00
0.00
0.00
0.00
0.00
0.00
0.00
0.00
0.00
0.00
0.00
0.00
0.00
0.00
0.00
0.00
0.00
0.00
0.00
0.00
0.00
0.00
0.00
0.00
0.00
0.00
0.00
0.00
0.00
0.00
0.00
0.00
0.00
0.00
0.00
0.00
0.00
0.00
0.00
0.00
0.00
0.00
0.00
0.00
0.00
0.00
0.00
0.00
0.00
0.00
0.00
0.00
0.00
0.00
0.00
0.00
0.00
0.00
0.00
0.00
0.00
0.00
0.00
0.00
0.00
0.00
0.00
0.00
0.00
0.00
0.00
0.00
0.00
0.00
0.00
0.00
0.00
0.00
0.00
0.00
0.00
0.00
0.00
0.00
0.00
0.00
0.00
0.00
0.00
0.00
0.00
0.00
0.00
0.00
0.00
0.00
0.00
0.00
0.00
0.00
0.00
0.00
0.00
0.00
0.00
0.00
0.00
0.00
0.00
0.00
0.00
0.00
0.00
0.00
0.00
0.00
0.00
0.00
0.00
0.00
0.00
0.00
0.00
0.00
0.00
0.00
0.00
0.00
0.00
0.00
0.00
0.00
0.00
0.00
0.00
0.00
0.00
0.00
0.00
0.00
0.00
0.00
0.00
0.00
0.00
0.00
0.00
0.00
0.00
0.00
0.00
0.00
0.00
0.00
0.00
0.00
0.00
0.00
0.00
0.00
0.00
0.00
0.00
0.00
0.00
0.00
0.00
0.00
0.00
0.00
0.00
0.00
0.00
0.00
0.00
0.00
0.00
0.00
0.00
0.00
0.00
0.00
0.00
0.00
0.00
0.00
0.00
0.00
0.00
0.00
0.00
0.00
0.00
0.00
0.00
0.00
0.00
0.00
0.00
0.00
0.00
0.00
0.00
0.00
0.00
0.00
0.00
0.00
0.00
0.00
0.00
0.00
0.00
0.00
0.00
0.00
0.00
0.00
0.00
0.00
0.00
0.00
0.00
0.00
0.00
0.00
0.00
0.00
0.00
0.00
0.00
0.00
0.00
0.00
0.00
0.00
0.00
0.00
0.00
0.00
0.00
0.00
0.00
0.00
0.00
0.00
0.00
0.00
0.00
0.00
0.00
0.00
0.00
0.00
0.00
0.00
0.00
0.00
0.00
0.00
0.00
0.00
0.00
0.00
0.00
0.00
0.00
0.00
0.00
0.00
0.00
0.00
0.00
0.00
0.00
0.00
0.00
0.00
0.00
0.00
0.00
0.00
0.00
0.00
0.00
0.00
0.00
0.00
0.00
0.00
0.00
0.00
0.00
0.00
0.00
0.00
0.00
0.00
0.00
0.00
0.00
0.00
0.00
0.00
0.00
2
1.65042853355
8.50024414062
8
4.88800525665
0.00
0.00
0.00
0.00
0.00
0.00
0.00
0.00
0.00
0.00
0.00
0.00
0.00
0.00
0.00
0.00
0.00
0.00
0.00
0.00
0.00
0.00
0.00
0.00
0.00
0.00
0.00
0.00
0.00
0.00
0.00
0.00
0.00
0.00
0.00
0.00
0.00
0.00
0.00
0.00
0.00
0.00
0.00
0.00
0.00
0.00
0.00
0.00
0.00
0.00
0.00
0.00
0.00
0.00
0.00
0.00
0.00
0.00
0.00
0.00
0.00
0.00
0.00
0.00
0.00
0.00
0.00
0.00
0.00
0.00
0.00
0.00
0.00
0.00
0.00
0.00
0.00
0.00
0.00
0.00
0.00
0.00
0.00
0.00
0.00
0.00
0.00
0.00
0.00
0.00
1.02548670769
2.96220517159
9.97519207001
17.8629722595
21.9196147919
19.3248386383
12.3874406815
0.00
0.00
0.00
0.00
0.00
0.00
0.00
0.00
0.00
0.00
0.00
0.00
0.00
0.00
0.00
0.00
0.00
0.00
4.67516231537
7.15001487732
0.00
0.00
0.00
0.00
0.00
0.00
0.00
0.00
0.00
0.00
0.00
0.00
0.00
0.00
0.00
0.00
0.00
0.00
0.00
0.00
0.00
0.00
0.00
0.00
0.00
0.00
0.00
0.00
0.00
0.00
0.00
0.00
0.00
0.00
0.00
0.00
0.00
0.00
0.00
0.00
0.00
0.00
0.00
0.00
0.00
0.00
0.00
0.00
0.00
0.00
0.00
0.00
0.00
0.00
0.00
0.00
0.00
0.00
0.00
0.00
0.00
0.00
0.00
0.00
0.00
0.00
0.00
0.00
0.00
0.00
4.93758392334
14.7253227234
23.8251399994
26.1498451233
28
29.9375839233
28.1748600006
18.1757297516
9.50043487549
7.45940065384
6.26229000092
5.17486000061
6.56285095215
4.73771047592
5.45940065384
5.3871216774
0.00
0.00
0.00
0.00
0.00
0.00
0.00
0.00
0.00
0.00
10
7.58786487579
3.02501368523
0.00
0.00
0.00
0.00
0.00
0.00
0.00
0.00
0.00
0.00
0.00
0.00
0.00
0.00
0.00
0.00
0.00
0.00
0.00
0.00
0.00
0.00
0.00
0.00
0.00
0.00
0.00
0.00
0.00
0.00
0.00
0.00
0.00
0.00
0.00
0.00
0.00
0.00
0.00
0.00
0.00
0.00
0.00
0.00
0.00
0.00
0.00
0.00
0.00
0.00
0.00
0.00
0.00
0.00
0.00
0.00
0.00
0.00
0.00
0.00
0.00
0.00
0.00
0.00
2
0.864809632301
6.06328868866
14.7628746033
20.1759567261
30.587978363
36.8621139526
43.712436676
44.5627593994
40.8873329163
40.587978363
38.587978363
34.587978363
28.9747810364
25.7376556396
21.8873329163
19.587978363
16.9125518799
14.9125518799
11.1496772766
5.44903230667
0.00
0.00
0.00
4.73765516281
2.71243643761
11
14.5005292892
0.00
0.00
0.00
0.00
0.00
0.00
0.00
0.00
0.00
0.00
0.00
0.00
0.00
0.00
0.00
0.00
0.00
0.00
0.00
0.00
0.00
0.00
0.00
0.00
0.00
0.00
0.00
0.00
0.00
0.00
0.00
0.00
0.00
0.00
0.00
51.2312088013
86.5578536987
0.00
0.00
0.00
0.00
0.00
0.00
0.00
0.00
0.00
0.00
0.00
0.00
0.00
0.00
0.00
0.00
0.00
0.00
0.00
0.00
0.00
0.00
0.00
0.00
0.00
0.00
0.00
0.00
0.00
0.00
0.00
1.91253328323
7.08746671677
20.8871097565
27.8250675201
31.8625164032
39.0254249573
49.1383132935
63.9491539001
70.6501312256
70.1374816895
67.4119110107
61.4119110107
52.3511161804
47.6755561829
46
41.5614204407
32.1749343872
28.6755580902
26.6755580902
25
20.6488857269
5.499376297
5.91253328323
6.56266736984
8.29949569702
10.1749334335
2.91253328323
13.6346569061
37.624710083
29.284116745
0.00
0.00
0.00
0.00
0.00
50.8504905701
0.00
0.00
0.00
0.00
0.00
0.00
0.00
0.00
0.00
0.00
0.00
0.00
0.00
0.00
0.00
0.00
0.00
0.00
0.00
0.00
0.00
0.00
0.00
0.00
0.00
0.00
0.00
0.00
265.935546875
973.923583984
0.00
0.00
0.00
0.00
0.00
0.00
0.00
0.00
0.00
0.00
0.00
0.00
0.00
0.00
0.00
0.00
0.00
0.00
0.00
0.00
0.00
0.00
0.00
0.00
0.00
0.00
0.00
0.00
0.00
0.00
0.00
8
27.4388618469
33.0618553162
37.0618553162
45.5882034302
60.3513755798
74.5882034302
81.8250274658
83.0618591309
82.9125137329
80.8250274658
77.8250274658
72.8250274658
67.3513793945
57.7994041443
52.9743728638
51.7375450134
48.5007171631
45.6500587463
43.7375450134
42.8868865967
38.4494628906
26.063293457
25.5113201141
43.2653274536
56.8008384705
63.3271865845
69.3001174927
71.5625762939
69.6244354248
67.8370666504
62.0889205933
56.5369491577
72.0362319946
76.9125137329
71.5355072021
48.2624549866
0.00
0.00
0.00
0.00
0.00
0.00
0.00
0.00
0.00
0.00
0.00
0.00
0.00
0.00
0.00
0.00
0.00
0.00
0.00
0.00
0.00
0.00
0.00
0.00
0.00
31.6543731689
342.801696777
272.24822998
379.647888184
0.00
0.00
0.00
0.00
0.00
0.00
0.00
0.00
0.00
0.00
0.00
0.00
0.00
0.00
0.00
0.00
0.00
0.00
0.00
0.00
0.00
0.00
0.00
0.00
0.00
0.00
4.95577859879
13.876657486
14.8249940872
13.5883159637
16.9432926178
33.727481842
37.1750068665
44.8866653442
59.0100059509
72.6451950073
82.8766555786
87.938331604
90.061668396
90.9124984741
91
90.0875015259
88.0875015259
84.8249969482
80.8249969482
77
72.324180603
69.4116821289
65.5883178711
62.5883140564
60.9195365906
59.1750068665
60.1750068665
60.7374916077
66.8866653442
77.6451950073
87.8766555786
93.1750030518
94.737487793
94.5624847412
93.9195404053
93.2883453369
96.0875015259
88.0891265869
79.4391403198
72.1938781738
58.8866653442
19.1708126068
0.00
0.00
0.00
0.00
0.00
0.00
0.00
0.00
0.00
0.00
0.00
0.00
0.00
0.00
0.00
0.00
0.00
0.00
0.00
0.00
0.00
0.00
0.00
0.00
0.00
0.00
47.3467636108
249.379684448
645.459350586
0.00
0.00
0.00
0.00
0.00
0.00
0.00
0.00
0.00
0.00
0.00
0.00
0.00
0.00
0.00
0.00
0.00
0.00
0.00
0.00
0.00
0.00
0.00
0.00
11.264377594
13.2909812927
22.9385147095
25.9385147095
28.9739646912
33.8864440918
37.9195213318
41.0260353088
52.0520706177
68.9479293823
80.1229705811
86.8629837036
91.9385147095
94.0875244141
95
95
95.0804748535
94
93
92.9124755859
89.9124755859
88
84.2365264893
80.2365264893
75.7634735107
72.8509902954
68.9195251465
70.0875244141
70.0875244141
73.0614852905
80.1229705811
90.6454925537
98.9385147095
103.026039124
104.912475586
107.061485291
107.21749115
107.087524414
104.324050903
93.6759490967
85.4300079346
53.5134353638
79.4990921021
55.154800415
65.0430526733
74.2980117798
59.9283218384
0.00
0.00
0.00
0.00
0.00
0.00
0.00
0.00
0.00
0.00
0.00
0.00
0.00
0.00
0.00
0.00
0.00
0.00
0.00
0.00
0.00
0.00
0.00
42.6807250977
222.7759552
675.224304199
0.00
0.00
0.00
0.00
0.00
0.00
0.00
0.00
0.00
0.00
0.00
0.00
0.00
0.00
0.00
0.00
0.00
0.00
0.00
0.00
0.00
0.00
0.00
1.78127038479
19.8599834442
27.080493927
31.9386978149
35.0875396729
37.9124603271
41.0613021851
48.7262802124
62.0524749756
74.8773956299
83.0613021851
89.1488418579
93
93.9124603271
96
96
96.0875396729
96.1368637085
96
96
96.9124603271
95
92.2173538208
89
85.1488418579
81.7636184692
77.9124603271
77
78.9386978149
77.9386978149
80.9737625122
88.0613021851
94.8631362915
101
104.614776611
110.061302185
113.061302185
113.919509888
113.087539673
109.236381531
108.824920654
97.0282363892
92.0804901123
95.7878570557
100.175079346
98.7373809814
108.772445679
114.77746582
91.1117782593
75.7313842773
76.5486526489
0.00
0.00
0.00
0.00
0.00
0.00
0.00
0.00
0.00
0.00
0.00
0.00
0.00
0.00
0.00
16.6769199371
48.9611663818
93.5666732788
510.687133789
556.967529297
554.245666504
979.482971191
1348.86999512
0.00
0.00
0.00
0.00
0.00
0.00
0.00
0.00
0.00
0.00
0.00
0.00
0.00
0.00
0.00
0.00
0.00
0.00
0.00
0.00
0.00
0.00
4.2566242218
22.0082359314
30.0611171722
34.8632965088
39.0264396667
44.0264396667
50.8860015869
61.0346755981
71.7265930176
80.0264434814
85.1751174927
87.2362365723
91.0611190796
93.0243148804
95.0875549316
97.0875549316
97
98.1486740112
98.0561981201
97.9388809204
96
95.0875549316
95.0875549316
93.9194946289
91
87.1486740112
83.7637634277
82.1486740112
85.9438018799
83.9653244019
87.1751174927
89.8248825073
92.0611190796
96.8632965088
102
105.93888092
112.06111908
117.824882507
117.080505371
117.026443481
118.55178833
114.183349609
211.688369751
287.974395752
122.498908997
110.910255432
105.824882507
291.546264648
605.042358398
227.015075684
131.06111145
104.291297913
78.8452758789
45.7397232056
2.0346763134
0.00
5
37.5995330811
10.3933830261
0.00
0.00
2.16906619072
11.0693540573
14.9417934418
13.7940711975
0.00
60.4443511963
395.797729492
495.323303223
1003.96844482
1227.45227051
1369.18481445
1608.67224121
1791.09411621
1965.07470703
0.00
0.00
0.00
0.00
0.00
0.00
0.00
0.00
0.00
0.00
0.00
0.00
0.00
0.00
0.00
0.00
0.00
0.00
0.00
0.00
0.00
0.00
11.1432342529
31.9124240875
37.0609321594
41.7639160156
48.5278282166
57.4402542114
68.8857803345
76.9733581543
83.6763381958
88.7639160156
92.6763381958
91
94.8514938354
94.7639160156
98.6763381958
99
100
97.8514938354
97.2360839844
95.0875778198
94.1751556396
92.0875778198
90.9124221802
91
90.2360839844
90.0875778198
96.8857803345
103.596412659
103.920074463
96.7982025146
96.7372741699
95.9124221802
97.9733581543
101.763916016
106.763916016
113.676338196
116.91242218
120.060935974
134.583480835
397.323120117
393.00793457
792.669189453
795.034545898
773.269287109
592.833312988
471.341308594
284.66708374
1124.19067383
270.242675781
126.752571106
128.649688721
101.304664612
125.243209839
93.956741333
69.1015548706
0.00
80.8715362549
92.0487976074
156.732772827
64.5141143799
26.175151825
9.18280124664
18.4455280304
34.2917442322
42.7639160156
49.9657096863
101.668426514
232.04750061
61.3299942017
144.407028198
292.193908691
112.127937317
464.3777771
837.763977051
1310.43737793
0.00
0.00
0.00
0.00
0.00
0.00
0.00
0.00
0.00
0.00
0.00
0.00
0.00
0.00
0.00
0.00
0.00
0.00
0.00
0.00
0.00
7.10543107986
29.6425609589
36.9124069214
42.2090950012
49.9441413879
60.0268440247
70.8785018921
78.97315979
84.0607528687
88.8636016846
93.7640609741
93.2359390259
96.9124069214
95.0875930786
95
93.0875930786
94.1483459473
95.2966918945
96
94.1363983154
94
93.1483459473
95.8248138428
93
93
90.9392471313
95.0875930786
108.121498108
212.337295532
148.289581299
124
122.087593079
116.063308716
115.299247742
113.216934204
131.25881958
123.673912048
126.946311951
250.013671875
189.834060669
916.182067871
505.841033936
719.660461426
1178.64904785
952.495727539
997.859924316
638.067504883
1439.71887207
1124.22192383
858.54107666
368.400512695
142.498718262
154.459945679
680.39666748
846.70123291
832.535583496
496.155731201
706.568237305
142.25340271
1038.98498535
275.375305176
107.203979492
52.3357124329
4.14676189423
51.8776512146
64.4436264038
74.4693222046
29.587896347
97.1669692993
362.512817383
289.032714844
630.724182129
883.141174316
669.053222656
1364.31420898
1471.91662598
0.00
0.00
0.00
0.00
0.00
0.00
0.00
0.00
0.00
0.00
0.00
0.00
0.00
0.00
0.00
0.00
0.00
0.00
0.00
0.00
0.00
6.0876121521
34.7036399841
40.1481781006
48.0605659485
57.7275161743
68.7912521362
77.9394302368
84.1481781006
90.0605697632
93.7026519775
94
96
94.383972168
99.8518218994
95.7583389282
92.2357940674
95.2357940674
95.3234024048
96.2357940674
92.0248641968
99.7820358276
107.72794342
100.561943054
104.622505188
105.136245728
95.8518218994
100.939430237
115.208747864
157.719268799
404.177368164
131.01020813
127.525672913
126.060569763
126.824775696
254.38269043
464.750579834
142.024307251
175.928085327
275.521575928
571.09552002
826.113586426
1234.70703125
1072.94775391
1387.29333496
1355.51623535
1156.04577637
918.002502441
1732.4206543
1675.69067383
1599.48046875
1226.91662598
1040.1685791
567.631286621
340.666778564
995.171203613
1531.10510254
1749.69299316
1306.02416992
1162.12451172
1318.53515625
289.576477051
501.414367676
164.305358887
135.135848999
436.894805908
346.285064697
1085.99047852
1346.94287109
833.342163086
1277.54492188
1846.35412598
1808.20800781
2009.94116211
2182.49780273
2383.93920898
2525.02905273
0.00
0.00
0.00
0.00
0.00
0.00
0.00
0.00
0.00
0.00
0.00
0.00
0.00
0.00
0.00
0.00
0.00
0.00
0.00
0.00
11.3614797592
8.17526054382
36.3203086853
43.1480140686
52.2084007263
63.6472511292
74.7916030884
82.9396133423
89.0603866577
94.1480178833
94.0805664062
95
97
96.7916030884
93
98.0250473022
97.2356414795
97.8519821167
92.2356414795
109.631095886
129.658813477
127.235641479
123.060386658
120
118
116.13609314
114.175262451
199.517669678
126.093521118
409.230682373
420.321868896
354.331512451
646.073852539
173.19644165
130.885131836
209.554412842
784.323364258
362.125579834
676.954467773
687.319335938
726.758850098
849.301513672
884.51550293
1437.75378418
1211.53991699
1863.06213379
1499.24511719
1681.8717041
1841.04064941
1804.00146484
1964.12109375
2073.23999023
2084.82275391
1955.61804199
2084.11035156
2098.15185547
2100.33374023
2171.03979492
2234.93286133
2199.71435547
2148.60205078
1475.07678223
1762.24951172
1202.7701416
1315.11962891
1730.61425781
1922.40246582
2007.63635254
2170.5222168
2341.66918945
2338.60253906
2422.03100586
2338.71435547
2424.35791016
2512.07519531
2549.08056641
2557.70385742
0.00
0.00
0.00
0.00
0.00
0.00
0.00
0.00
0.00
0.00
0.00
0.00
0.00
0.00
0.00
0.00
0.00
0.00
0.00
1.47411191463
24.8135967255
6.08764839172
35.2607460022
46.2080535889
56.2080535889
68.8087158203
79.7042999268
85.8521499634
92.0602035522
94.0876464844
94.7834777832
99
94.6166534424
99.9725570679
108.79725647
111.241752625
101.235496521
101.175292969
120.342201233
375.041046143
157.115081787
134
125.323150635
125
123.824707031
135.275909424
129.846832275
456.516174316
134.972549438
345.372924805
661.048156738
562.120483398
865.681091309
866.45123291
270.434783936
393.99407959
837.063598633
1013.5536499
851.45123291
1117.4498291
1087.66748047
1344.44372559
1337.32702637
1257.90319824
1763.41369629
2009.79406738
1950.5748291
2054.48168945
2014.02966309
2054.59765625
2055.7902832
2160.82958984
2197.2902832
2224.36743164
2251.56713867
2288.97070312
2307.08227539
2330.99682617
2359.0402832
2382.12670898
2396.78344727
2423.43286133
2423.42993164
2420.83398438
2434.55639648
2426.08837891
2436.48779297
2447.90600586
2412.08862305
2449.10351562
2491.80664062
2516.46044922
2523.54492188
2540.76977539
2557.18066406
2568.83398438
2579.49316406
0.00
0.00
0.00
0.00
0.00
0.00
0.00
0.00
0.00
0.00
0.00
0.00
0.00
0.00
0.00
0.00
0.00
0.00
0.00
0.00
1.43144917488
12.0876665115
37.4092521667
48.1476860046
60.2077064514
74.7284317017
83.9399795532
86.0876693726
94
96.0876693726
99.1612014771
104.852310181
111.498352051
154.345245361
135.589309692
133.216384888
175.94770813
155.447784424
335.741607666
186.951766968
500.160064697
134.175338745
179.886825562
136.736999512
242.108078003
385.250152588
143.946411133
366.83795166
421.570678711
542.050048828
425.118133545
347.06072998
780.063415527
1097.27526855
627.845458984
668.366271973
761.189453125
990.477905273
1388.39685059
1363.15429688
1598.59020996
1483.85900879
1586.89770508
1506.16381836
1462.56542969
1500.65234375
1610.71728516
2032.51245117
2162.58740234
2185.27294922
2182.38793945
2217.72290039
2254.16918945
2280.79711914
2296.18017578
2324.56713867
2357.37207031
2389.78759766
2401.8894043
2428.53393555
2434.21191406
2448.91235352
2470.11865234
2480
2484.35546875
2504.76245117
2507.64453125
2509.49829102
2509.53881836
2523.50634766
2540.43139648
2548.20288086
2561.70458984
2577.29541016
2586.94482422
2598.08374023
2608.72094727
0.00
0.00
0.00
0.00
0.00
0.00
0.00
0.00
0.00
0.00
0.00
0.00
0.00
0.00
0.00
0.00
0.00
0.00
0.00
0.00
0.00
17
37.40990448
50.29504776
63.354888916
80.7287368774
88.1475219727
90.7049560547
96.0598373413
97.9123153687
101.025596619
99.2345352173
102.322219849
172.189025879
329.945922852
159.484313965
175.137207031
311.742980957
443.935089111
272.326782227
659.978210449
251.864379883
168.972961426
637.753479004
407.380767822
658.064758301
524.859313965
464.32220459
363.386871338
695.228149414
1008.65197754
728.850585938
961.192626953
1200.78552246
833.39251709
867.808105469
1049.97241211
1174.24707031
1151.18579102
1218.515625
1343.4263916
1595.00854492
1810.34729004
1833.61230469
1809.32141113
1876.56506348
1864.27233887
1923.95605469
1880.64526367
1922.14538574
2021.88806152
2076.05078125
2180.46069336
2191.34448242
2281.55517578
2316.1875
2357.2019043
2400.77172852
2439.18359375
2445.56152344
2456.43188477
2466.37866211
2471.46630859
2485.73706055
2504.50512695
2497
2502.11547852
2518.40991211
2526.85302734
2541.32299805
2552.86425781
2557
2561.85253906
2568.67358398
2579.11206055
2582.91552734
2591.64916992
0.00
0.00
0.00
0.00
0.00
0.00
0.00
0.00
0.00
0.00
0.00
0.00
0.00
0.00
0.00
0.00
0.00
0.00
0.00
0.00
0.00
15.0877017975
35.7929801941
52.0596580505
67.501739502
85.8096694946
90.0876998901
88.8526382446
97
94.3227615356
100.919372559
97.470123291
102.557914734
122.501739502
312.218475342
435.067504883
268.423950195
286.578735352
489.019897461
672.542175293
600.627868652
477.525756836
268.227203369
334.328735352
1072.41101074
947.65222168
693.41607666
794.483276367
692.99822998
669.391601562
1146.3392334
1078.00427246
852.560852051
1327.43835449
1200.49865723
1216.73205566
1166.82092285
1292.24890137
1378.96166992
1402.84277344
1435.3449707
1538.66662598
1578.15759277
1856.90466309
1903.4909668
1917.83215332
2004.29528809
2025.54833984
2116.80737305
2100.43969727
2125.92626953
2148.11572266
2174.72973633
2232.15087891
2271.59301758
2338.63867188
2369.8527832
2405.74047852
2413.74047852
2426.08764648
2467.81323242
2465.4387207
2515.61791992
2520.64916992
2522.85620117
2532.70336914
2532.35083008
2534.37890625
2540.85620117
2550.11938477
2559.91943359
2564.96850586
2568.73339844
2583.82470703
2589.56152344
2593.94506836
2600.11572266
0.00
0.00
0.00
0.00
0.00
0.00
0.00
0.00
0.00
0.00
0.00
0.00
0.00
0.00
0.00
0.00
0.00
0.00
0.00
0.00
1.21675443649
14.6752166748
35.7056045532
54.2943954468
72.2661590576
86.8646697998
91
94.234916687
94.0877227783
100.147201538
102.1353302
100.087722778
109.733848572
161.363723755
208.59777832
634.742248535
448.840423584
483.831420898
441.157897949
747.685119629
822.0546875
806.175048828
794.620910645
542.186157227
610.161437988
1041.38623047
1494.67687988
1293.43469238
1177.25500488
1149.58068848
867.596435547
1391.67211914
1016.81018066
1182.71508789
1455.54724121
1475.86694336
1253.1373291
1349.2947998
1477.85791016
1545.65551758
1610.42370605
1615.8092041
1685.02954102
1784.15234375
1938.27001953
1971.18603516
1989.875
2057.74243164
2112.13745117
2077.82495117
2193.13842773
2240.5234375
2267.79418945
2301.44458008
2336.32568359
2359.8359375
2381.64624023
2405.05737305
2439.43847656
2456.38500977
2465.73291016
2485.14111328
2497.03125
2519.91235352
2536.52929688
2546.16137695
2558.52636719
2564.64526367
2559.8840332
2564.91235352
2571.05200195
2575.08764648
2590.0534668
2600.11889648
2604.97167969
2612.72924805
2620.1159668
0.00
0.00
0.00
0.00
0.00
0.00
0.00
0.00
0.00
0.00
0.00
0.00
0.00
0.00
0.00
0.00
0.00
0.00
0.00
0.00
0.00
10.8245248795
34.3241195679
54.4411087036
78.3533706665
87.7841644287
89.9122619629
88.8245239258
191.762573242
107.969139099
103.080657959
106.646629333
125.146224976
309.860443115
481.836853027
696.332580566
643.323547363
623.756347656
615.424804688
661.424621582
965.204528809
905.050964355
1056.34130859
965.50177002
912.630432129
834.955505371
1492.84240723
1356.58544922
1294.22412109
1406.52026367
1221.35839844
1207.48156738
1522.37963867
1248.2890625
1259.56616211
1540.17346191
1417.14306641
1532.17871094
1614.77575684
1736.859375
1803.32409668
1754.59240723
1799.9050293
1828.09020996
2013.5345459
2084.51538086
2113.61328125
2156.32177734
2203.91308594
2255.35571289
2281.1105957
2291.87890625
2319.11376953
2331.33056641
2338.61889648
2387.65185547
2393.31445312
2430.23242188
2447.32666016
2465.70507812
2497.27416992
2496.14697266
2511.81958008
2528.03076172
2534.14697266
2552.67651367
2565.96923828
2582.34863281
2597.70996094
2582.20629883
2589.13671875
2595.26489258
2605.76123047
2609.58813477
2619.03076172
2629.78417969
2638.94067383
0.00
0.00
0.00
0.00
0.00
0.00
0.00
0.00
0.00
0.00
0.00
0.00
0.00
0.00
0.00
0.00
0.00
0.00
0.00
0.00
0.00
14.1755104065
28.471622467
53.5874977112
82.4997406006
87.0806732178
91.1468734741
96.9695205688
239.426147461
175.459060669
146.959640503
250.571502686
344.507049561
348.66897583
507.458831787
548.169372559
755.279052734
1025.30786133
722.896789551
702.756958008
976.736206055
1009.36700439
1045.1373291
1194.24536133
943.173461914
1422.64343262
1711.59313965
1302.4576416
1681.04785156
1572.61035156
1333.66601562
1377.15527344
1598.63769531
1548.64685059
1410.89050293
1552.60717773
1596.49609375
1626.60119629
1608.64135742
1729.60241699
1847.05749512
1934.19812012
1907.13000488
1946.94641113
2036.8828125
2132.89135742
2176.64526367
2192.265625
2237.26269531
2282.41381836
2309.75634766
2330.76342773
2353.265625
2367.85498047
2376.62036133
2398.54272461
2447.79638672
2448.75683594
2485.64892578
2486.55517578
2506.81274414
2527.94140625
2546.26318359
2549.59179688
2550.50219727
2549.83081055
2574.23876953
2589.11865234
2600.58740234
2617.58984375
2598.37695312
2607.11645508
2614.35107422
2621.91235352
2623.29370117
2635.94555664
2648.53076172
0.00
0.00
0.00
0.00
0.00
0.00
0.00
0.00
0.00
0.00
0.00
0.00
0.00
0.00
0.00
0.00
0.00
0.00
0.00
0.00
0.00
0.00
0.00
35.1994171143
85.674621582
88.2155685425
96.5886917114
109.79434967
120.259628296
730.871643066
186.145294189
354.05065918
612.907348633
748.485351562
753.166931152
789.218933105
868.147827148
708.471374512
1189.61206055
1066.34729004
1058.20581055
1083.44567871
1086.62695312
1299.19885254
1396.48278809
1803.8026123
1654.27770996
1630.28820801
1726.25793457
1698.73156738
1592.77807617
1559.45654297
1665.92126465
1801.91784668
1671.91723633
1548.50390625
1657.7980957
1687.26330566
1704.22814941
1766.81652832
1940.35144043
2030.11401367
2075.32421875
2096.39379883
2142.47143555
2177.89575195
2178.38549805
2244.1184082
2276.05712891
2307.17675781
2325.54125977
2343.9987793
2361.31982422
2390.32348633
2409.7668457
2419.78442383
2453.03198242
2486.58862305
2508.56103516
2514.93920898
2535.38110352
2538.26635742
2551.40991211
2565.59008789
2571.94238281
2577.3269043
2576.44335938
2588.06201172
2608.82446289
2619.46582031
2639.05541992
2626.17553711
2630.35107422
2634.44018555
2639.05883789
2649.08081055
2651.26342773
0.00
0.00
0.00
0.00
0.00
0.00
0.00
0.00
0.00
0.00
0.00
0.00
0.00
0.00
0.00
0.00
0.00
0.00
0.00
0.00
0.00
0.00
0.00
0.00
80.4357833862
93.51512146
107.882476807
116.941238403
123.058761597
309.962005615
811.165588379
657.661865234
729.118408203
721.483642578
850.159912109
1006.37084961
900.153259277
1008.62475586
1049.91748047
1275.88903809
1219.60180664
1287.93591309
1186.71398926
1253.95068359
1639.99353027
1641.07531738
1684.27429199
1797.91467285
1764.24682617
1784.33129883
1873.55932617
1923.6184082
1816.51867676
1698.49230957
1752.48168945
1717.65759277
1700.30908203
1651.1282959
1673.26037598
1765.96801758
1958.49389648
1999.27783203
2081.05737305
2139.79614258
2137.46875
2169.24511719
2206.73974609
2254.94433594
2305.35253906
2326.20532227
2344.86889648
2360.56030273
2376.50146484
2397.29321289
2424.64501953
2446.27294922
2466.76489258
2496.58935547
2521.6784668
2522.55786133
2534.51513672
2558.85742188
2566.38012695
2567.50219727
2566.97094727
2575.21533203
2580.296875
2599.50219727
2615.05883789
2618.61914062
2632.51513672
2651
2644.88256836
2651.64892578
2656.29321289
2655.64624023
2666.56030273
0.00
0.00
0.00
0.00
0.00
0.00
0.00
0.00
0.00
0.00
0.00
0.00
0.00
0.00
0.00
0.00
0.00
0.00
0.00
0.00
0.00
0.00
0.00
0.00
65.1711273193
93.5424194336
193.946304321
186.010345459
176.151275635
203.338470459
512.303344727
795.296936035
1037.15014648
1156.94665527
1241.90307617
1082.25073242
1162.83581543
1187.41796875
1273.79528809
1263.0916748
1423.80334473
1361.60961914
1399.32641602
1432.29663086
1541.19604492
1824.32214355
1778.89318848
1852.62304688
1898.38085938
1948.34643555
1944.24694824
1861.14660645
1832.28808594
1773.81103516
1854.74621582
1840.67285156
1781.87841797
1741.40527344
1756.5078125
1820.95068359
1946.71203613
2082.36010742
2124.83398438
2122.10791016
2165.0246582
2176.58764648
2228.94580078
2251.50219727
2306.79052734
2339.35131836
2357.43481445
2369.14624023
2390.56079102
2409.35131836
2426.55639648
2450.38110352
2469.56079102
2501.44384766
2521.64404297
2541.7902832
2553.48876953
2558.67797852
2562.43920898
2579.85351562
2587.82446289
2592.02709961
2589.17553711
2588.26342773
2602.05395508
2616.55615234
2627.2734375
2637.35595703
2648.91210938
2651.40991211
2660.08789062
2665.70410156
2672.82446289
0.00
0.00
0.00
0.00
0.00
0.00
0.00
0.00
0.00
0.00
0.00
0.00
0.00
0.00
0.00
0.00
0.00
0.00
0.00
0.00
0.00
0.00
0.00
0.00
0.00
31.3057613373
77.049156189
305.248809814
604.168518066
671.524291992
693.222045898
757.355163574
564.429260254
669.06652832
835.318237305
979.725280762
1128.28466797
1261.34411621
1386.61633301
1624.69482422
1613.94592285
1463.12646484
1472.92407227
1510.22912598
1549.8894043
1996.17480469
1864.58178711
1936.92358398
1980.57202148
2005.15649414
1969.72546387
1913.81494141
1904.20056152
1890.05041504
1923.47802734
1884.67248535
1875.11181641
1859.43823242
1839.19299316
1927.16052246
2014.43859863
1955.81982422
2031.2746582
2148.64819336
2199.73608398
2223.35449219
2238.94213867
2265.94238281
2307.67236328
2344.99462891
2366.02709961
2379.85375977
2397.70751953
2415.11669922
2430.49707031
2447.75830078
2463.4440918
2483.15161133
2505.61425781
2517.49755859
2519.05371094
2545.09326172
2554.23413086
2562.82885742
2575.02416992
2587.51586914
2596.61962891
2605.61962891
2611.02905273
2610.73657227
2618.05419922
2627.79541016
2635.49755859
2645.46801758
2653.14624023
2658.02709961
2665.91210938
0.00
0.00
0.00
0.00
0.00
0.00
0.00
0.00
0.00
0.00
0.00
0.00
0.00
0.00
0.00
0.00
0.00
0.00
0.00
0.00
0.00
0.00
0.00
0.00
0.00
0.00
34.6577529907
95.6496276855
137.570785522
225.040740967
428.504974365
821.495239258
1064.46276855
843.162597656
848.321899414
1059.80090332
1087.421875
1160.89477539
1226.34423828
1317.0970459
1473.89550781
1722.54553223
1743.59143066
1785.56079102
1802.8182373
1779.65539551
2086.15307617
2059.67919922
2039.16650391
2033.30639648
2018.23657227
2007.81506348
1989.49328613
1999.49853516
2032.62316895
2002.79711914
2030.49841309
1975.72521973
1899.46899414
1854.40661621
1950.22717285
2012.71594238
2078.33081055
2159.90722656
2218.55371094
2264.30151367
2274.76611328
2300.08886719
2325.3503418
2341.2277832
2366.92016602
2389.85400391
2400.70776367
2411.46777344
2425.58520508
2437.26953125
2454.44433594
2470.18188477
2486.52612305
2502.11645508
2517.59716797
2534.47387695
2543.53222656
2552.23388672
2563.84790039
2581.11279297
2586.41479492
2594.94165039
2607.67211914
2608.94165039
2617.78588867
2621.29321289
2642.00097656
2651.97045898
2655.02856445
2661.21508789
2669.6496582
0.00
0.00
0.00
0.00
0.00
0.00
0.00
0.00
0.00
0.00
0.00
0.00
0.00
0.00
0.00
0.00
0.00
0.00
0.00
0.00
0.00
0.00
0.00
15.5026464462
0.00
0.00
79.4844055176
103.0366745
114.409492493
124.641693115
192.051361084
257.373596191
356.292602539
970.462280273
1228.29589844
1247.89953613
1192.45397949
1303.35473633
1410.92724609
1478.73620605
1503.71191406
1562.28979492
1564.47424316
1757.67578125
1769.95117188
1829.83508301
1964.59130859
2146.91210938
2146.49267578
2162.53979492
2147.26342773
2114.22314453
2115.8659668
2107.42529297
2116.32910156
2101.20849609
2057.86865234
1995.19177246
1898.9831543
1944.33911133
1960.68249512
2035.30187988
2098.60058594
2176.39941406
2251.37133789
2275.92553711
2299.77319336
2321.52709961
2333.28491211
2354.52563477
2375.11303711
2388.12304688
2399.7097168
2418.99853516
2434.05810547
2446.32788086
2461.5324707
2473.00854492
2492.59057617
2505.43774414
2520.6784668
2530.73632812
2540.56225586
2557.34985352
2569.29174805
2578.8659668
2583.38647461
2593.70825195
2610.75927734
2613.76611328
2620.10742188
2649.02978516
2643.82055664
2659.26196289
2661.40942383
2678.68334961
2685.70825195
0.00
0.00
0.00
0.00
0.00
0.00
0.00
0.00
0.00
0.00
0.00
0.00
0.00
0.00
0.00
0.00
0.00
0.00
0.00
0.00
0.00
0.00
0.00
27.4951305389
51.1381454468
76.4640884399
94.6506195068
109.79637146
118.20362854
146.878219604
195.678848267
301.584350586
415.255249023
524.709289551
613.307250977
1252.71911621
1368.55175781
1484.5123291
1665.44177246
1735.22033691
1748.77941895
1707.43725586
1788.70861816
1823.84997559
1800.77160645
1802.39770508
1759.15649414
1983.39343262
2152.55126953
2211.375
2230.27001953
2220.78881836
2189.0168457
2190.20898438
2168.07104492
2146.99291992
2102.30834961
2053.17749023
2025.07861328
1989.54211426
1992.66235352
2045.75830078
2117.86743164
2195.04174805
2247.64086914
2293.17358398
2305.29370117
2325.46728516
2351.75878906
2362.11791992
2373.97241211
2394.50488281
2407.65063477
2421.88427734
2428.49731445
2448.14086914
2462.85424805
2477.70849609
2491.67089844
2506.34936523
2516.81274414
2530.70849609
2542.65063477
2557.72875977
2569.29150391
2576.35058594
2585.53271484
2590.08789062
2600.23364258
2607.02246094
2634.61865234
2627.61425781
2632.77294922
2666.76635742
2665.79418945
2677.71142578
2692.76635742
0.00
0.00
0.00
0.00
0.00
0.00
0.00
0.00
0.00
0.00
0.00
0.00
0.00
0.00
0.00
0.00
0.00
0.00
0.00
0.00
0.00
0.00
0.00
23.6125717163
56.697769165
85.4646759033
102.884605408
113.942298889
126.046417236
153.991653442
193.035430908
329.97543335
454.821502686
567.065795898
631.241333008
821.16217041
1339.83666992
1598.53637695
1645.95727539
1713.46704102
1753.63598633
1734.25634766
1831.38342285
1850.20629883
1925.52514648
1941.06860352
2009.57727051
2023.21166992
2078.63452148
2155.84521484
2230.25
2259.59912109
2286.46972656
2243.39868164
2242.47265625
2242.77758789
2211.1862793
2156.68920898
2107.640625
2058.82983398
2049.52709961
2033.28552246
2099.80810547
2178.33520508
2226.62866211
2281.57836914
2313.36547852
2343.62084961
2357.90942383
2379.43676758
2388.27539062
2403.59082031
2410
2425.96972656
2436.14550781
2450.38378906
2465.70874023
2478.70874023
2494.40649414
2511.31860352
2526.67919922
2535.03027344
2546.88452148
2564.29125977
2575.05761719
2577.81323242
2585.88452148
2596.50561523
2607.88183594
2611.96972656
2618.13623047
2601.33203125
2657.12646484
2661.46704102
2665.08544922
2692.33886719
2670.26367188
0.00
0.00
0.00
0.00
0.00
0.00
0.00
0.00
0.00
0.00
0.00
0.00
0.00
0.00
0.00
0.00
0.00
0.00
0.00
0.00
0.00
0.00
0.00
0.00
30.4698257446
90.1170959473
108.651611328
120.651611328
137.802734375
156.202957153
214.108581543
391.368591309
510.92199707
770.769042969
809.264221191
1081.70568848
1468.48010254
1590.68457031
1618.45751953
1781.1027832
1926.23815918
1910.40270996
1953.86108398
1964.07226562
2019.43310547
2009.90014648
2016.05895996
2091.12939453
2134.56616211
2165.40917969
2224.29003906
2279.23071289
2291.73950195
2333.62133789
2331.86621094
2312.69335938
2299.88818359
2266.39428711
2197.64526367
2155.51464844
2142.54003906
2066.84228516
2105.56103516
2180.63916016
2241.51196289
2258.30664062
2310.21850586
2348.21533203
2367.37866211
2375.26367188
2373.35107422
2393.65161133
2404.94238281
2420.61206055
2445.11499023
2456.81347656
2470.47583008
2484.59399414
2507.69677734
2528.4362793
2535.08081055
2540.76660156
2552.94238281
2563.76660156
2569.32128906
2580.59887695
2592.62133789
2600.5637207
2606
2614.9909668
2628.74023438
2649.35742188
2627.75439453
2624.31567383
2661.91210938
2662.12329102
2662.46679688
0.00
0.00
0.00
0.00
0.00
0.00
0.00
0.00
0.00
0.00
0.00
0.00
0.00
0.00
0.00
0.00
0.00
0.00
0.00
0.00
0.00
0.00
0.00
0.00
0.00
84.2640457153
115.854721069
127.885307312
155.912063599
177.286727905
255.55921936
409.892303467
521.197692871
775.987487793
849.31842041
1003.58282471
1349.89892578
1690.03808594
1845.60083008
1958.50195312
2096.25146484
2109.09008789
2078.61157227
2094.87768555
2088.81152344
2113.46240234
2158.52709961
2175.52050781
2225.52587891
2241.96557617
2290.56835938
2325.06494141
2339.52758789
2339.52001953
2364.55444336
2362.94726562
2341.3112793
2309.33813477
2272.65820312
2246.17797852
2209.19287109
2105.8034668
2113.03930664
2147.97924805
2217.51000977
2278.45019531
2328.48217773
2382.33422852
2372.44555664
2371.47631836
2365.73632812
2403.59472656
2421.97314453
2434.31738281
2453.43579102
2464.70483398
2491.44946289
2502.03051758
2515.40527344
2532.14526367
2537.16162109
2535.26367188
2553.82788086
2565.02685547
2578.85083008
2589.57128906
2592
2605.0612793
2615.11474609
2622.58105469
2644.45678711
2641.85473633
2659.1184082
2646.85791016
2666.06713867
2674.19165039
2672.2331543
0.00
0.00
0.00
0.00
0.00
0.00
0.00
0.00
0.00
0.00
0.00
0.00
0.00
0.00
0.00
0.00
0.00
0.00
0.00
0.00
0.00
0.00
0.00
0.00
5.06682491302
82.265953064
130.233840942
153.145126343
165.228683472
197.347412109
297.623291016
534.784362793
687.183654785
877.36529541
1011.0748291
1169.7322998
1404.98901367
1789.17565918
2027.73974609
1996.04150391
2140.91259766
2216.1706543
2184.7878418
2228.32641602
2197.38867188
2224.89746094
2236.82226562
2275.02539062
2295.76000977
2303.67016602
2346.19799805
2379.99389648
2388.76074219
2388.61743164
2392.77319336
2384.12939453
2363.95874023
2320.78271484
2305.77319336
2294.32714844
2255.5480957
2213.25756836
2182.35522461
2170.54980469
2226.1652832
2263.52294922
2306.65258789
2341.18017578
2369.7890625
2383.46166992
2404.11474609
2415.82836914
2435.65258789
2441.17578125
2454.66845703
2471.7331543
2490.59545898
2510.7097168
2519.82421875
2528.87060547
2540.37597656
2557.859375
2573.03076172
2581.88134766
2589.85498047
2591.86669922
2596.91650391
2618.47680664
2617.08789062
2640.8972168
2652.08081055
2613.8918457
2666.125
2682.90771484
2688.08789062
2669.234375
2689.32104492
0.00
0.00
0.00
0.00
0.00
0.00
0.00
0.00
0.00
0.00
0.00
0.00
0.00
0.00
0.00
0.00
0.00
0.00
0.00
0.00
0.00
0.00
0.00
0.00
0.00
309.59475708
163.973968506
166.030975342
198.718460083
264.431976318
513.692687988
725.651062012
810.932006836
907.312133789
1219.06359863
1531.66992188
1792.19946289
1916.76940918
2021.74951172
2047.66479492
2156.23486328
2297.21826172
2297.20336914
2320.39404297
2232.73461914
2293.1940918
2303.29980469
2343.15625
2372.60449219
2386.87329102
2395.28344727
2418.06201172
2427.3828125
2423.35668945
2404.17602539
2405.14501953
2384.01464844
2350.34057617
2359.52783203
2342.47070312
2297.83886719
2265.55371094
2227.80151367
2197
2203.92675781
2253.68896484
2293.13647461
2334.38720703
2348.0534668
2360.90698242
2385.0456543
2415.42016602
2431.96899414
2451.61083984
2469.52294922
2486.11401367
2489.76708984
2503.47705078
2515.52294922
2530.52294922
2546.57983398
2562.3581543
2567.73608398
2569.88110352
2583.57983398
2605.98876953
2622.7980957
2623.26391602
2580.91503906
2623.65795898
2663.26391602
2670.66577148
2678.7980957
2681.55883789
2690.91210938
2699.7980957
2697.08789062
0.00
0.00
0.00
0.00
0.00
0.00
0.00
0.00
0.00
0.00
0.00
0.00
0.00
0.00
0.00
0.00
0.00
0.00
0.00
0.00
0.00
0.00
0.00
0.00
0.00
238.780822754
238.021621704
342.047210693
359.561401367
514.656982422
490.905212402
615.692871094
823.12713623
1351.73901367
1439.40588379
1406.25549316
1845.20812988
1875.50537109
2204.046875
2252.17260742
2239.79370117
2297.5534668
2313.67822266
2269.39648438
2314.54150391
2353.10961914
2383.14111328
2407.70288086
2417.69287109
2437.43554688
2447.24267578
2449.90551758
2449.11914062
2462.91210938
2449.09448242
2432.18017578
2412.65356445
2400.19506836
2391.57202148
2378.01196289
2350.36474609
2299.91357422
2240.07495117
2240.65625
2248.81860352
2280.3581543
2289.72290039
2302.36401367
2339.70483398
2355.28417969
2385.36328125
2407.82958984
2431.4519043
2446.28955078
2459.23266602
2471.76245117
2488.65356445
2503.56567383
2515.23266602
2526.23266602
2535.10961914
2546.38964844
2552.79833984
2573.31518555
2594.17041016
2596.29492188
2614.77929688
2632.08789062
2583.3815918
2636.43701172
2666.49121094
2672.53442383
2687.89282227
2692.43432617
2692.91210938
2692.58959961
2710.94311523
0.00
0.00
0.00
0.00
0.00
0.00
0.00
0.00
0.00
0.00
0.00
0.00
0.00
0.00
0.00
0.00
0.00
0.00
0.00
0.00
0.00
0.00
0.00
35.4919166565
88.1385955811
158.585571289
559.102844238
1175.20935059
1449.8359375
1382.56677246
1171.94812012
1102.31298828
937.957336426
1558.66760254
1800.02075195
1960.41699219
2068.62207031
2198.19238281
2340.62524414
2379.58251953
2362.61499023
2363.05029297
2339.87988281
2381.95581055
2393.52270508
2390.52514648
2446.96142578
2444.94335938
2456.85522461
2483.86206055
2475
2486.23876953
2480.60986328
2458.82397461
2453.79858398
2445.38183594
2434.07519531
2419.54052734
2415.35864258
2399.47802734
2384.23706055
2337.49633789
2280.44042969
2285.10717773
2300.90600586
2343.90234375
2361.62280273
2352.35180664
2347.87402344
2361.8112793
2387.35839844
2413.06933594
2423.47802734
2438.52197266
2456.43383789
2473.65332031
2487.74194336
2511.41479492
2524.40942383
2529.64794922
2544.25439453
2564.15063477
2580.79858398
2586.08789062
2592.52197266
2610.43945312
2623.7734375
2634.37719727
2630.09448242
2661.0012207
2668.56054688
2670.76733398
2678.18261719
2692.32055664
2694.32739258
2712.52026367
2718.50952148
0.00
0.00
0.00
0.00
0.00
0.00
0.00
0.00
0.00
0.00
0.00
0.00
0.00
0.00
0.00
0.00
0.00
0.00
0.00
0.00
0.00
0.00
63.5797348022
89.760887146
106.049873352
131.9190979
133.088012695
213.447875977
617.564697266
1259.30944824
1539.37695312
1932.51916504
1679.76098633
1809.56164551
1850.56921387
2108.86401367
2216.69873047
2089.19116211
2111.93261719
2325.19018555
2426.59106445
2408.82104492
2432.28369141
2421.88476562
2438.71801758
2441.68432617
2486.48510742
2503.7109375
2504.85546875
2504.39038086
2494.734375
2511.53491211
2503.55297852
2476.35888672
2466.76757812
2459.21362305
2460.11962891
2454.2956543
2442.60498047
2411.82397461
2405.47924805
2379.53955078
2328.58251953
2304.56445312
2322.38378906
2327.19067383
2342.91186523
2364.56640625
2385.9934082
2381.76782227
2387.8671875
2405.91870117
2428.50292969
2450.93701172
2465.76098633
2485.57861328
2503.89355469
2536.0065918
2548.96850586
2559.05639648
2569.30102539
2565.81713867
2551.25732422
2560.65942383
2613.14941406
2609.2355957
2629.46044922
2642.85546875
2654.19433594
2663.1262207
2657.27807617
2676.88696289
2686.68823242
2695.42211914
2705.53491211
2710.02905273
2716.23242188
0.00
0.00
0.00
0.00
0.00
0.00
0.00
0.00
0.00
0.00
0.00
0.00
0.00
0.00
0.00
0.00
0.00
0.00
0.00
0.00
43.5538291931
86.0071563721
99.9754257202
108.056304932
127.119667053
133.051742554
133.855667114
150.447418213
200.939743042
343.005859375
778.487304688
1327.19213867
1926.29907227
2037.64831543
1902.60083008
1834.01220703
1996.54907227
2172.03955078
2240.56640625
2210.09814453
2289.81567383
2356.06347656
2416.97558594
2484.41235352
2504.51025391
2541.88330078
2524.35205078
2526.74316406
2521.59155273
2525.50341797
2524
2510.52099609
2506.03173828
2505.23950195
2497.27124023
2485.10986328
2477.36645508
2473.80981445
2458.44726562
2442.44726562
2433.66992188
2389.84155273
2372.64086914
2351.13061523
2348.27124023
2378.96142578
2404.76782227
2433.23632812
2457.44018555
2470.84838867
2475.86743164
2498.74316406
2500.35205078
2499.82397461
2486.50341797
2497.12304688
2528.51074219
2532.73583984
2542.60913086
2558.3449707
2569.11010742
2579.29589844
2591.92626953
2616.79223633
2625.20776367
2626.34619141
2625.3347168
2654.76757812
2647.12695312
2636.89038086
2679.5859375
2689
2691.23242188
2685.00708008
2704.03173828
2705.16186523
2713.52832031
0.00
0.00
0.00
0.00
0.00
0.00
0.00
0.00
0.00
0.00
0.00
0.00
0.00
0.00
0.00
0.00
0.00
1.58287584782
17.5627365112
64.0339584351
96.5767211914
106.855819702
114.679718018
117.640563965
127.376411438
136.799682617
146.311019897
183.03036499
261.977813721
345.938201904
471.53237915
596.626159668
1105.61230469
1502.34436035
1923.97961426
1873.7668457
1805.45263672
2023.23461914
2071.07080078
2128.87060547
2255.32495117
2343.35620117
2363.48095703
2408.43041992
2459.2487793
2485.74316406
2533.79980469
2534.17602539
2533.40844727
2532.85571289
2528.46435547
2532.49633789
2524.78466797
2514.26416016
2512.40844727
2502.11987305
2498.11987305
2489.55249023
2481.67236328
2467.63134766
2427.56738281
2422.29614258
2419.89013672
2420.68017578
2388.14501953
2380.72851562
2428.99072266
2435.32763672
2437.59130859
2442.89648438
2492.6328125
2498.55981445
2486.14379883
2510.01708984
2521.58447266
2538.52050781
2539.08813477
2540.91967773
2562.9609375
2574.20019531
2581.60864258
2603.57519531
2623.79980469
2593.00415039
2608.77758789
2632.96850586
2630.55297852
2637.66577148
2646.0637207
2654.10449219
2673.28833008
2679.6159668
2690
2701.08032227
2698.51293945
2710.20019531
2714.91186523
0.00
0.00
0.00
0.00
0.00
0.00
0.00
0.00
0.00
0.00
0.00
0.00
0.00
0.00
0.00
0.00
116.744056702
172.669296265
188.461395264
81.2559432983
98.573387146
103.120178223
111.088066101
113.488037109
128.879821777
132.654327393
151.376190186
223.520294189
357.590911865
451.734802246
756.66986084
630.917053223
757.52545166
1316.43774414
1604.95788574
1543.39758301
2010.39929199
2051.75585938
2245.44018555
2256.17602539
2288.34570312
2346.50292969
2379
2425.76049805
2464.75219727
2489.97045898
2526.22387695
2546.24780273
2541
2538.82397461
2540.91894531
2538.35229492
2547.6237793
2542.31933594
2522.50366211
2527.1027832
2520.67236328
2507.26416016
2506.55957031
2489.04785156
2441.13989258
2448.56787109
2474.75219727
2501.23950195
2353.79516602
2415.12548828
2435.40014648
2416.33569336
2310.86669922
2440.00732422
2472.11035156
2381.40625
2457.89648438
2530.3762207
2543.0559082
2541.47802734
2523.53588867
2568.02392578
2577.59179688
2569.14404297
2585.38964844
2613.9597168
2622.19995117
2591.89477539
2644.80810547
2659.54394531
2660.23120117
2590.88378906
2656.44116211
2662.31103516
2669.6027832
2671.63208008
2686.88818359
2696.05664062
2702.55224609
2706.86083984
2723.35229492
0.00
0.00
0.00
0.00
0.00
0.00
0.00
0.00
0.00
0.00
0.00
0.00
0.00
49.2319564819
60.4316139221
76.6312713623
110.336433411
684.942687988
140.023223877
88
102.58429718
109.568382263
121.208465576
127.91191864
128.375823975
166.056533813
244.544692993
365.023956299
548.829040527
744.354858398
1042.27648926
1258.12963867
1272.6340332
1248.46862793
1366.92077637
1634.2454834
2159.99414062
2058.21289062
2193.79760742
2308.08813477
2300.35180664
2349.53735352
2399.36108398
2436.65551758
2479.03930664
2503.69580078
2550.37744141
2552.32006836
2550.17626953
2552.85620117
2554.32006836
2554.03222656
2557
2553.26416016
2549.48022461
2541.06469727
2535.32006836
2531.58422852
2523.06469727
2481.19262695
2464.2878418
2440.35229492
2499.78613281
2501.76806641
2340.07446289
2439.08813477
2433.66357422
2425.37524414
2458.6953125
2501.60766602
2509.12036133
2509.20849609
2521.74462891
2530.51977539
2547.37573242
2555.06469727
2438.60009766
2577.90478516
2587.62426758
2569.96777344
2585.80737305
2617.74462891
2614.57543945
2593.74267578
2646.32006836
2647.80737305
2651.56616211
2656.23901367
2673.64013672
2685.67993164
2681.76806641
2685.03222656
2693.76806641
2706.29663086
2713.11157227
2730.57543945
2725.24780273
0.00
0.00
0.00
0.00
0.00
0.00
0.00
0.00
0.00
0.00
23.6817817688
29.624464035
39.833152771
59.1993331909
70.1112289429
87.5526428223
146.757751465
773.038696289
112.51322937
96.8237991333
105.927635193
134.171783447
154.175125122
226.41859436
264.103912354
307.867919922
363.476989746
481.73916626
763.764526367
1455.02270508
1680.81958008
1807.32116699
1791.56689453
1665.72705078
1973.63830566
2056.10766602
2192.20532227
2199.7902832
2163.46459961
2283.66064453
2391.20996094
2396.95703125
2435.55517578
2473.19921875
2488.55957031
2551.2277832
2574.63989258
2565.31982422
2563.9675293
2562.76806641
2563.08105469
2570.0324707
2568.31982422
2562.64770508
2560.44824219
2553.91894531
2551.14379883
2547.2644043
2542.28149414
2505.38671875
2496.07543945
2481.22412109
2507.51318359
2499.42504883
2465.34912109
2442.64477539
2446.79467773
2491.91699219
2466.14355469
2506.25488281
2508.9050293
2521.23193359
2524.44042969
2535.14379883
2545.87158203
2564.97875977
2556.36621094
2581.88867188
2580.80078125
2532.40527344
2568.00927734
2625.48071289
2626.05566406
2639.08203125
2648.05566406
2651.86791992
2666.48071289
2672.53637695
2686.64770508
2685.46362305
2691.34521484
2699.81787109
2706.08813477
2717.0324707
2726
2734.73583984
2734.65698242
0.00
0.00
0.00
0.00
0.00
0.00
0.00
0.00
33
20
32.8171081543
39.7455482483
62.9009933472
83.3405990601
125.867332458
147.766159058
211.774307251
1236.19519043
703.50994873
646.075378418
417.574157715
409.533660889
351.42276001
320.51385498
318.211883545
356.583251953
413.326751709
745.093139648
1031.78210449
1112.55041504
1300.29760742
1650.9387207
1879.98120117
2069.63964844
2133.96337891
2186.39208984
2249.20800781
2322.87719727
2387.84838867
2415.03759766
2454.8918457
2492.32763672
2520.20385742
2535.03857422
2516.12866211
2594.20654297
2594.31982422
2578.46337891
2576.96728516
2575.02270508
2575.94897461
2581.2644043
2584.31982422
2575.91186523
2568.68017578
2563
2561.31982422
2552.3425293
2528.94458008
2529.50390625
2529.45581055
2515.8059082
2470.00488281
2504.68017578
2481.62475586
2458.2175293
2458.08325195
2482.21679688
2458.9465332
2506.25439453
2503.8515625
2521.20898438
2520.14648438
2545.55932617
2549.86938477
2565.39135742
2575.04248047
2585.06542969
2583.31982422
2586.11083984
2598.19189453
2611.97827148
2542.81982422
2641.48608398
2647.05541992
2645.4050293
2636.63476562
2647.46044922
2688.76831055
2692.17626953
2694.89819336
2704
2712.02270508
2725.43066406
2726.02270508
2735.78710938
2736.17626953
0.00
0.00
0.00
0.00
0.00
0.907634019852
38.2972679138
58.9118652344
57.9037666321
68.5512237549
80.4630889893
93.6250457764
109.84462738
134.532684326
159.333999634
206.557449341
344.806335449
1227.41064453
984.702392578
947.810974121
652.802185059
456.170837402
380.719390869
370.608856201
390.039093018
429.620819092
579.307983398
915.368286133
1273.76135254
1519.2166748
1598.95922852
1590.37756348
1744.23181152
1840.63317871
1968.83178711
2190.92358398
2249.60229492
2244.92895508
2329.45727539
2316.56591797
2375.74755859
2438.46728516
2466.78320312
2558.85424805
2566.67602539
2517.09545898
2601.375
2591.08813477
2587.20922852
2588.44067383
2594.76855469
2593.03295898
2593
2589.17626953
2583.80126953
2571.94482422
2571.44067383
2575.08813477
2569.06567383
2545.67651367
2525.39355469
2515.1171875
2536.21948242
2549.60644531
2482.20874023
2487.56176758
2469.3996582
2479.97753906
2488.17626953
2505.34204102
2520.64746094
2534.71313477
2548.53686523
2550.14331055
2556.27392578
2577.39746094
2585.06958008
2597.078125
2600.17626953
2573.25244141
2603.31958008
2612.52490234
2631.19873047
2640.43017578
2635.69360352
2657.91186523
2665.625
2681.5144043
2684.59228516
2689.91186523
2698.23144531
2707.50415039
2702.86425781
2726.68041992
2730.20922852
2734.23144531
2742.71313477
0.00
0.00
0.00
0.00
0.00
51.7366981506
58.0881538391
62.0330467224
69.1432571411
71.2865142822
94.5544052124
119.691429138
148.418609619
157.911849976
243.22618103
304.792358398
429.230987549
1418.01855469
1199.63830566
683.181091309
595.99230957
715.594848633
623.875732422
616.873413086
550.383056641
549.88861084
578.410339355
601.239562988
646.407897949
893.716369629
825.731628418
1015.36633301
1422.41870117
1553.68579102
1869.33581543
2127.47851562
2395.60058594
2352.85693359
2302.09375
2409.52075195
2441.1315918
2474.37451172
2498.55932617
2530.53173828
2590.38574219
2599.22021484
2603.31958008
2602.47387695
2602.48217773
2600.91186523
2600.03027344
2607.68041992
2602.69433594
2595.7355957
2596.64746094
2591.1315918
2588.03295898
2589.7824707
2579.19555664
2553.62524414
2546.53662109
2540.23144531
2550.80175781
2558.82373047
2494.76025391
2532.21264648
2509.22314453
2492.72729492
2502.35253906
2530.00830078
2505.14697266
2531.44897461
2542.05517578
2548.68041992
2557.90893555
2562.03540039
2578.94482422
2562.88696289
2599.60595703
2599.90356445
2613.16210938
2628.80175781
2581.01123047
2634.7824707
2648.23144531
2658.47338867
2668.59228516
2677.68041992
2683.76855469
2689.23144531
2701.60498047
2716.03295898
2713.10205078
2727.64746094
2734.23144531
2743.60498047
2748.80175781
0.00
0.00
0.00
0.00
51.5307388306
78.4239654541
87.2343673706
73.1346664429
72.9118270874
80.5338363647
353.21661377
276.375396729
431.672271729
596.00958252
393.666412354
396.403991699
866.52142334
1597.63220215
1454.0168457
784.528320312
708.661437988
807.334228516
987.679504395
1204.26721191
1268.74780273
1393.87353516
1373.18811035
1540.14892578
1510.63745117
1547.45092773
1752.33618164
1901.2824707
1798.15991211
2101.56689453
2256.42724609
2446.29785156
2449.55078125
2438.48608398
2325.80371094
2408.14477539
2408.12475586
2477.2409668
2510.49414062
2540.93359375
2567.16650391
2619.06640625
2608.23120117
2606.23120117
2606.96679688
2612.05493164
2607.55078125
2614.03320312
2615.94506836
2606.58398438
2607.08813477
2605.12133789
2605.20947266
2609
2587.81518555
2584.29785156
2588.63891602
2576.12304688
2559.55078125
2556.58081055
2563.91186523
2554.82202148
2535.03320312
2535.20947266
2530.47412109
2548.82373047
2540.20947266
2526.48901367
2541.29785156
2538.83837891
2562.28613281
2575.40771484
2582.80200195
2589.42749023
2599.76879883
2603.96679688
2612.46264648
2624.48242188
2630.08813477
2637.40771484
2613.90991211
2649.85009766
2663.36108398
2675.20947266
2690.28613281
2698.10986328
2703.10986328
2711.76879883
2725.62573242
2734.28613281
2742.10986328
2749.46264648
2756.71386719
0.00
0.00
0.00
34.4594650269
148.915847778
176.768859863
167.843231201
184.529678345
222.541748047
290.078460693
714.04864502
396.135528564
413.745788574
1010.89160156
774.250671387
586.430541992
638.805114746
1423.58532715
1733.69689941
1151.27294922
1105.4206543
1138.13549805
1255.36047363
1248.703125
1620.35571289
1682.62109375
1839.43664551
2042.58898926
2101.30273438
2199.12988281
2281.21191406
2330.68652344
2360.05932617
2412.18920898
2443.80297852
2450.08813477
2448.15673828
2402.91943359
2390.58032227
2402.82421875
2448.61328125
2511.21606445
2517.27539062
2550.95458984
2572.68139648
2587.62304688
2615.84326172
2616.84326172
2617.87841797
2620.5925293
2617.82373047
2621.15673828
2620
2622.55908203
2619.91186523
2620.41601562
2626.84326172
2611.78393555
2612.13085938
2605.39477539
2596.08813477
2592.31347656
2588.68652344
2573.56713867
2562.68139648
2566.21899414
2556.15673828
2558.52978516
2555.50439453
2567.8996582
2559.8449707
2569.52978516
2553.08056641
2554.71337891
2574.73535156
2578.65576172
2589.68652344
2592.52978516
2608.10961914
2611.91186523
2616.93261719
2623.68652344
2630.68652344
2637.23046875
2649.14306641
2660.25170898
2670.84326172
2673.31347656
2689
2698.0546875
2702.76879883
2711.68652344
2731.84326172
2742.91186523
2746.25244141
2756.80224609
2760.84326172
