3.55688	43.1842	node[37068]
4.69103	43.2815	node[36955]
5.37781	43.195	node[36920]
3.14407	42.5581	node[35266]
4.3568	43.3028	node[37842]
4.45799	43.3737	node[38444]
3.87937	43.3975	node[38325]
3.7516	43.2939	node[37866]
3.51936	43.1621	node[37043]
3.30005	42.3414	node[34356]
3.55688	43.1842	node[37068]
4.3568	43.3028	node[37842]
3.31539	42.3148	node[34303]
3.04877	42.9675	node[36084]
3.58216	43.2275	node[37243]
3.79318	43.3189	node[38052]
4.03721	43.3889	node[38235]
3.31539	42.3148	node[34303]
4.69103	43.2815	node[36955]
3.09154	42.7907	node[35816]
4.47818	43.2875	node[37761]
3.24852	43.0049	node[36136]
5.01582	43.3276	node[37692]
3.1183	42.6602	node[35434]
4.88879	43.402	node[39422]
4.71055	43.2867	node[36954]
3.13688	42.6657	node[35435]
3.30965	42.3293	node[34311]
4.10964	43.4208	node[38537]
4.69103	43.2815	node[36955]
4.36602	43.4361	node[38793]
3.17366	42.4646	node[34661]
3.30005	42.3414	node[34356]
3.31539	42.3148	node[34303]
3.40934	43.2734	node[38137]
3.19247	42.9012	node[35949]
5.37781	43.195	node[36920]
5.37781	43.195	node[36920]
4.43855	43.3049	node[37776]
4.69103	43.2815	node[36955]
3.57357	43.3175	node[38205]
3.31539	42.3148	node[34303]
4.65716	43.2791	node[37509]
4.71055	43.2867	node[36954]
3.30965	42.3293	node[34311]
3.1625	42.7992	node[35823]
4.9848	43.3915	node[39433]
3.4251	43.1134	node[37014]
3.28237	43.2335	node[37412]
4.3568	43.3028	node[37842]
3.17188	42.9122	node[35967]
4.65716	43.2791	node[37509]
3.4251	43.1134	node[37014]
4.69103	43.2815	node[36955]
3.31539	42.3148	node[34303]
4.47818	43.2875	node[37761]
3.1625	42.7992	node[35823]
3.30005	42.3414	node[34356]
3.2114	43.1779	node[37286]
3.75803	43.4262	node[38606]
4.44039	43.2923	node[37763]
4.10113	43.4873	node[39000]
3.84447	43.4727	node[39085]
3.31539	42.3148	node[34303]
5.37781	43.195	node[36920]
3.61724	43.2245	node[37241]
4.84266	43.3284	node[37716]
5.34382	43.2132	node[36916]
4.27271	43.3219	node[37929]
5.19217	43.3313	node[37677]
3.30965	42.3293	node[34311]
4.47818	43.2875	node[37761]
5.34382	43.2132	node[36916]
3.31539	42.3148	node[34303]
5.37781	43.195	node[36920]
4.15097	43.3627	node[38038]
3.27143	42.3498	node[34354]
3.21313	43.0841	node[36381]
4.65716	43.2791	node[37509]
4.84431	43.3146	node[37618]
4.65716	43.2791	node[37509]
4.30833	43.3164	node[37911]
5.37781	43.195	node[36920]
3.67925	43.386	node[38379]
3.30965	42.3293	node[34311]
4.65716	43.2791	node[37509]
3.17084	42.4756	node[34664]
5.37781	43.195	node[36920]
3.3548	43.2629	node[38097]
3.43046	43.1918	node[37309]
3.76726	43.3033	node[37883]
5.37781	43.195	node[36920]
3.31539	42.3148	node[34303]
4.65716	43.2791	node[37509]
4.47818	43.2875	node[37761]
5.37781	43.195	node[36920]
4.57358	43.2894	node[37597]
3.47683	43.1393	node[37041]
3.15315	42.2572	node[34268]
4.65716	43.2791	node[37509]
5.37781	43.195	node[36920]
3.25038	43.2057	node[37344]
3.34154	43.2705	node[38147]
4.3568	43.3028	node[37842]
3.1625	42.7992	node[35823]
3.51936	43.1621	node[37043]
5.82679	43.0439	node[36585]
5.37781	43.195	node[36920]
4.3568	43.3028	node[37842]
3.27934	43.0332	node[36291]
4.5774	43.4282	node[38823]
3.31539	42.3148	node[34303]
3.32482	43.0642	node[36306]
4.88299	43.3168	node[37620]
3.30965	42.3293	node[34311]
4.47818	43.2875	node[37761]
5.37781	43.195	node[36920]
5.09311	43.3189	node[37685]
3.34796	43.2725	node[38146]
3.44339	43.1277	node[37039]
3.31539	42.3148	node[34303]
3.16147	42.4588	node[34662]
3.16625	42.3835	node[34368]
4.62579	43.2823	node[37591]
3.04783	42.55	node[35258]
