4.70945	42.0842	node[33875]
3.69444	42.3963	node[34637]
6.76814	41.8026	node[33408]
5.17235	41.5416	node[32997]
5.43403	42.2587	node[34425]
6.58818	42.6758	node[34515]
5.07312	42.4947	node[34491]
5.72803	41.3574	node[30649]
4.09436	42.5282	node[34682]
5.7631	41.7905	node[33388]
3.49664	41.8075	node[33666]
4.3939	41.5867	node[30635]
4.93358	41.8717	node[33688]
5.36218	42.8541	node[34698]
4.51386	42.7191	node[35358]
6.2704	42.1316	node[33707]
3.57048	41.3292	node[30368]
6.39565	41.448	node[30786]
5.91968	42.4579	node[34502]
4.2117	42.6731	node[35212]
3.82644	41.9563	node[33670]
4.38462	42.3223	node[34467]
3.69444	42.3963	node[34637]
6.05303	42.8529	node[34609]
3.42242	41.5691	node[33054]
