3.16492	42.7842	node[35820]
3.18527	42.4581	node[34655]
3.19736	42.6036	node[35300]
3.2027	42.1307	node[34079]
3.20398	42.9238	node[35969]
3.2047	42.2119	node[34188]
3.21348	42.9436	node[35992]
3.27914	43.0172	node[36138]
3.30322	42.0812	node[34084]
3.30705	42.2687	node[34293]
3.33464	43.0452	node[36288]
3.36857	42.7069	node[35458]
3.37177	43.0744	node[36308]
3.37253	42.0726	node[34086]
3.39693	42.8753	node[35892]
3.41958	42.4652	node[34640]
3.42688	42.1967	node[34140]
3.45506	42.2486	node[34152]
3.49703	42.5767	node[35344]
3.49959	43.1446	node[37042]
3.52718	42.8068	node[35720]
3.54137	43.1658	node[37044]
3.54406	43.0106	node[36250]
3.59618	42.595	node[35346]
3.65255	42.6883	node[35375]
3.65615	43.2299	node[37238]
3.69301	42.9061	node[35735]
3.74336	42.7902	node[35582]
3.74793	43.1106	node[36432]
3.80495	43.2337	node[37232]
3.89686	42.9962	node[36231]
4.01321	43.1351	node[36796]
4.01641	42.8397	node[35596]
4.1094	42.9633	node[35750]
4.11422	42.8243	node[35368]
4.1463	43.259	node[37486]
4.15068	43.1016	node[36786]
4.17908	43.3421	node[37924]
4.21974	42.8725	node[35366]
4.28703	42.8525	node[35365]
4.32442	43.2914	node[37844]
4.38007	43.0637	node[36214]
4.38654	42.8706	node[35607]
4.40827	42.9364	node[35624]
4.48107	43.2021	node[36968]
4.53367	43.2736	node[37744]
4.6332	43.0357	node[35686]
4.67662	42.9391	node[35629]
4.79061	43.265	node[36951]
4.81373	43.3029	node[37577]
4.83668	42.9647	node[35633]
4.87072	42.9779	node[35640]
4.92697	43.0517	node[36195]
5.00586	43.2337	node[36945]
5.19355	43.1304	node[36750]
5.20111	43.3044	node[37635]
5.28061	43.111	node[36511]
5.30949	43.3398	node[39510]
5.35607	43.0958	node[35664]
5.45578	43.1562	node[36742]
5.60116	43.0314	node[35650]
