3.86589	42.2757
3.75481	42.2704
3.54045	42.2979
3.37588	42.252
3.34885	42.2671
3.31217	42.2512
3.15781	42.2526
3.14575	42.257
3.15315	42.2572
3.16066	42.2587
3.16765	42.256
3.17098	42.2517
3.28516	42.2639
3.30705	42.2687
3.32471	42.2942
3.29785	42.2887
3.28845	42.283
3.29637	42.3037
3.29042	42.2958
3.30528	42.3098
3.31539	42.3148
3.3447	42.3233
3.36434	42.2961
3.40413	42.2657
3.40496	42.3324
3.33907	42.3582
3.31243	42.3353
3.30474	42.3306
3.30289	42.3344
3.24477	42.3631
3.22864	42.3621
3.18829	42.3636
3.17738	42.3664
3.17014	42.3734
3.18451	42.3743
3.19779	42.3658
3.21613	42.3702
3.23306	42.3752
3.27314	42.3726
3.27143	42.3498
3.2843	42.3452
3.30005	42.3414
3.3176	42.3526
3.31599	42.3853
3.2948	42.3553
3.2642	42.4037
3.22561	42.3944
3.2069	42.3883
3.19857	42.3736
3.18664	42.388
3.17184	42.3792
3.16625	42.3835
3.16559	42.3897
3.17129	42.3963
3.16796	42.4038
3.17898	42.4014
3.20396	42.4048
3.22619	42.4144
3.26504	42.4255
3.31048	42.4176
3.35627	42.4198
3.4007	42.4108
3.46062	42.3528
3.62025	42.3528
3.67747	42.3013
3.75017	42.341
3.84981	42.3451
3.94124	42.3135
3.94061	42.2551
4.31007	42.2654
4.45352	42.2927
4.59424	42.2834
4.72634	42.2934
4.94873	42.2666
4.89601	42.3477
4.85227	42.2937
4.79986	42.3426
4.822	42.4168
4.73812	42.3933
4.65305	42.3487
4.54444	42.333
4.46869	42.3535
4.38462	42.3223
4.31917	42.3744
4.24991	42.3408
4.22476	42.2797
4.13769	42.2836
4.05853	42.3228
3.99518	42.3552
4.09909	42.3731
4.1701	42.3529
4.17582	42.4133
4.21815	42.4638
4.33067	42.4525
4.40136	42.3973
4.46019	42.4481
4.56268	42.3947
4.66118	42.4287
4.72722	42.465
4.80458	42.4825
4.88872	42.4735
4.91307	42.4113
4.99297	42.3959
4.98525	42.4605
4.95121	42.5331
4.93439	42.6027
4.84591	42.5431
4.74168	42.5276
4.6572	42.5007
4.57792	42.4656
4.49837	42.5379
4.38614	42.5177
4.28289	42.535
4.174	42.5173
4.10329	42.4327
4.02125	42.4112
3.93565	42.4019
3.86147	42.4195
3.78597	42.4058
3.69444	42.3963
3.59483	42.4147
3.4807	42.4141
3.41958	42.4652
3.37441	42.4531
3.34123	42.4447
3.28381	42.4414
3.2437	42.4393
3.20518	42.4239
3.1814	42.4139
3.17314	42.4158
3.1792	42.428
3.19545	42.4414
3.22143	42.4616
3.18527	42.4581
3.17201	42.4425
3.17163	42.4328
3.16993	42.4303
3.16398	42.4497
3.17366	42.4646
3.16147	42.4588
3.15761	42.4677
3.17084	42.4756
3.18674	42.4791
3.20406	42.4977
3.23668	42.4796
3.25752	42.4655
3.28731	42.4732
3.31643	42.464
3.3482	42.4916
3.37476	42.4781
3.39478	42.4974
3.47275	42.4962
3.53592	42.46
3.61938	42.4767
3.70489	42.4688
3.77483	42.4953
3.84996	42.4801
3.92213	42.4611
3.99566	42.4765
4.09436	42.5282
4.19351	42.5794
4.28249	42.643
4.34468	42.6026
4.42752	42.5792
4.5365	42.6068
4.58451	42.5372
4.65806	42.5727
4.75712	42.589
4.81878	42.6283
4.92306	42.6729
4.9207	42.7666
4.84486	42.6887
4.76682	42.7149
4.71916	42.644
4.61761	42.6461
4.48161	42.6682
4.41448	42.6389
4.35234	42.6745
4.28028	42.7186
4.2117	42.6731
4.13584	42.6673
4.08613	42.6216
4.0382	42.572
3.92262	42.5277
3.83206	42.5487
3.72945	42.545
3.6478	42.541
3.5662	42.5457
3.50603	42.5452
3.44698	42.5544
3.41252	42.5307
3.3663	42.5205
3.33512	42.5212
3.31836	42.4879
3.27215	42.4949
3.23294	42.5011
3.2133	42.5195
3.18483	42.5151
3.17041	42.5005
3.16391	42.4874
3.15438	42.4768
3.14898	42.4929
3.14271	42.4804
3.13198	42.4918
3.13039	42.4825
3.13398	42.4994
3.14776	42.5053
3.16218	42.5199
3.16938	42.5438
3.13888	42.5328
3.13933	42.5158
3.12756	42.5061
3.12215	42.522
3.11994	42.5411
3.10827	42.5348
3.1097	42.5238
3.09723	42.5254
3.09471	42.5378
3.08501	42.5278
3.08407	42.5384
3.07519	42.5337
3.07285	42.5424
3.063	42.5363
3.06187	42.5443
3.05236	42.5413
3.04783	42.55
3.05659	42.5563
3.06714	42.5512
3.08265	42.5467
3.09862	42.5501
3.11279	42.5508
3.12571	42.5592
3.13582	42.5462
3.14407	42.5581
3.16473	42.5598
3.18899	42.5629
3.19843	42.541
3.22764	42.5394
3.25229	42.5222
3.28026	42.5175
3.30724	42.5101
3.31464	42.5398
3.27637	42.5399
3.2518	42.552
3.22003	42.5632
3.19089	42.5866
3.16383	42.5763
3.13803	42.5742
3.11694	42.572
3.10747	42.5612
3.08601	42.5624
3.07787	42.5554
3.07385	42.5644
3.06179	42.5647
3.05234	42.5642
3.04533	42.5592
3.04456	42.5685
3.05157	42.5699
3.05625	42.5743
3.06979	42.5734
3.08213	42.5779
3.09886	42.5724
3.10834	42.5836
3.12587	42.5826
3.13991	42.591
3.1616	42.5935
3.1754	42.607
3.19736	42.6036
3.22247	42.5902
3.24752	42.5746
3.27645	42.5617
3.30756	42.5695
3.34425	42.5485
3.37552	42.5519
3.38441	42.5854
3.34678	42.5734
3.31341	42.5978
3.27907	42.5834
3.25865	42.6043
3.21475	42.6147
3.1931	42.6269
3.16728	42.6225
3.14628	42.6204
3.13491	42.6068
3.11899	42.5941
3.09771	42.5948
3.0886	42.5871
3.07528	42.5868
3.06258	42.584
3.05262	42.5819
3.04674	42.5733
3.04372	42.5778
3.04372	42.5871
3.05409	42.5925
3.06625	42.5944
3.08249	42.5979
3.09732	42.6088
3.11491	42.6107
3.12869	42.6198
3.13814	42.6361
3.17135	42.6389
3.18806	42.6497
3.20839	42.644
3.22701	42.6315
3.25113	42.6348
3.29182	42.6208
3.3276	42.6288
3.34862	42.6046
3.37822	42.6094
3.40781	42.6141
3.4411	42.5898
3.49703	42.5767
3.53577	42.5866
3.59618	42.595
3.6643	42.6044
3.75187	42.6216
3.842	42.6183
3.96462	42.5946
4.0121	42.6454
4.07597	42.7046
4.16944	42.7302
4.21641	42.785
4.29901	42.7878
4.3627	42.7461
4.42803	42.7128
4.51386	42.7191
4.64568	42.7113
4.67384	42.7765
4.57397	42.7504
4.47028	42.7644
4.39308	42.8264
4.33434	42.8249
4.28703	42.8525
4.21974	42.8725
4.15104	42.8557
4.11422	42.8243
4.11669	42.7816
4.01734	42.7739
3.9749	42.7013
3.89203	42.6762
3.7969	42.6834
3.70439	42.6964
3.65255	42.6883
3.61994	42.6554
3.6033	42.6263
3.56244	42.6068
3.51822	42.6134
3.48115	42.6063
3.44703	42.6253
3.40167	42.6374
3.37217	42.6328
3.34138	42.6562
3.31024	42.6568
3.28181	42.6467
3.25552	42.659
3.22797	42.6694
3.20657	42.6623
3.18956	42.6748
3.17084	42.6599
3.14631	42.6519
3.11852	42.6431
3.11369	42.6271
3.10014	42.621
3.07964	42.6101
3.06488	42.6046
3.05235	42.6022
3.04203	42.5964
3.04042	42.6057
3.05589	42.6119
3.06821	42.6146
3.07489	42.6292
3.08775	42.6285
3.10022	42.6396
3.09932	42.6531
3.08272	42.6451
3.06479	42.6356
3.06372	42.6241
3.04899	42.6207
3.03878	42.6142
3.03592	42.6219
3.04338	42.6277
3.0543	42.628
3.05029	42.6358
3.04094	42.6358
3.03369	42.6311
3.03369	42.6404
3.04561	42.6436
3.06121	42.6467
3.07315	42.6559
3.05747	42.6546
3.04725	42.6521
3.04068	42.6485
3.0358	42.6452
3.03284	42.6497
3.03513	42.6544
3.04082	42.6566
3.05379	42.6626
3.06575	42.6634
3.07541	42.669
3.08574	42.6613
3.09832	42.6666
3.1183	42.6602
3.13688	42.6657
3.1507	42.6776
3.18077	42.6913
3.21232	42.688
3.25603	42.6831
3.28667	42.6735
3.3266	42.6777
3.36057	42.6784
3.38532	42.6586
3.42447	42.653
3.45963	42.6513
3.4774	42.6308
3.49486	42.6512
3.52708	42.6536
3.54685	42.6333
3.57964	42.6521
3.58117	42.6842
3.55293	42.669
3.52817	42.6876
3.49256	42.6879
3.45716	42.6848
3.42369	42.6782
3.39326	42.6857
3.36857	42.7069
3.33268	42.7018
3.30341	42.694
3.27326	42.7002
3.24764	42.7084
3.22085	42.7107
3.19474	42.7054
3.16405	42.7034
3.15181	42.6923
3.13426	42.6972
3.12292	42.6768
3.10751	42.6764
3.08825	42.6758
3.07008	42.6787
3.06042	42.6714
3.04907	42.6719
3.04269	42.6632
3.03615	42.6636
3.03286	42.6591
3.03372	42.6684
3.04163	42.6695
3.04185	42.6757
3.0345	42.6777
3.04526	42.6812
3.05678	42.6799
3.06148	42.6888
3.07371	42.6889
3.08704	42.6938
3.09746	42.6856
3.11668	42.6911
3.1231	42.7091
3.10567	42.7036
3.0933	42.7106
3.08038	42.7042
3.06684	42.7046
3.05649	42.6976
3.04742	42.691
3.03619	42.687
3.03703	42.6963
3.04837	42.7033
3.05708	42.712
3.07285	42.7158
3.08602	42.7212
3.10041	42.724
3.12126	42.7239
3.1415	42.72
3.147	42.7068
3.17811	42.7166
3.20195	42.7259
3.2429	42.7327
3.26804	42.7261
3.29159	42.7165
3.32426	42.7302
3.35005	42.7229
3.37223	42.7356
3.39849	42.719
3.42562	42.7033
3.46404	42.7135
3.50095	42.7153
3.53803	42.7159
3.57139	42.71
3.61663	42.6887
3.61427	42.7171
3.5737	42.737
3.52673	42.7438
3.48024	42.7463
3.43668	42.7332
3.40456	42.7441
3.38218	42.7624
3.34603	42.7453
3.32338	42.7595
3.29683	42.74
3.26815	42.7471
3.24485	42.7516
3.21529	42.744
3.19533	42.7413
3.17741	42.7339
3.15544	42.7319
3.13553	42.736
3.11548	42.7412
3.10169	42.736
3.08918	42.7429
3.07471	42.7288
3.06303	42.7189
3.05218	42.7213
3.04033	42.7175
3.03956	42.7082
3.03771	42.7019
3.03786	42.7267
3.05088	42.7314
3.0623	42.7272
3.06688	42.7385
3.05326	42.7425
3.03786	42.736
3.03617	42.7453
3.04628	42.7499
3.06796	42.7499
3.0778	42.7602
3.09951	42.7542
3.11518	42.7606
3.13758	42.7526
3.16078	42.7476
3.18331	42.7542
3.20068	42.7699
3.22596	42.7633
3.25923	42.7711
3.28988	42.7776
3.32365	42.7826
3.35193	42.7767
3.38345	42.7902
3.41891	42.7669
3.44861	42.7569
3.46189	42.7802
3.50635	42.7754
3.53707	42.7827
3.55334	42.7539
3.59161	42.7579
3.62229	42.7651
3.69557	42.7478
3.76093	42.7521
3.89136	42.7464
3.89296	42.8057
3.83915	42.814
3.79206	42.7827
3.74336	42.7902
3.6935	42.7996
3.66175	42.7774
3.62338	42.7913
3.56739	42.7744
3.5611	42.7989
3.60054	42.8103
3.64777	42.809
3.67865	42.8373
3.73105	42.8296
3.78333	42.8213
3.83431	42.8374
3.89191	42.8402
3.93549	42.8545
4.01641	42.8397
4.0591	42.8072
4.0794	42.8304
4.08166	42.8585
4.1168	42.864
4.13495	42.8884
4.17971	42.8786
4.21574	42.9125
4.26326	42.8832
4.29897	42.9011
4.34085	42.8967
4.38654	42.8706
4.47354	42.8625
4.54281	42.8298
4.6236	42.8266
4.70566	42.8372
4.76278	42.7844
4.83757	42.7523
4.87385	42.8288
4.7869	42.8512
4.75774	42.9156
4.63809	42.8896
4.5715	42.8786
4.5206	42.9143
4.46676	42.9327
4.41708	42.908
4.38111	42.8999
4.37266	42.9287
4.40827	42.9364
4.45641	42.984
4.5066	42.9676
4.57828	42.9483
4.6257	42.9321
4.67662	42.9391
4.70001	42.9617
4.72885	42.98
4.78208	42.9693
4.83668	42.9647
4.85119	42.9058
4.93931	42.8793
4.94929	42.9397
4.89023	42.9444
4.87072	42.9779
4.90557	42.9898
4.96248	43.0578
4.93434	43.0236
4.89264	43.017
4.85843	43.0063
4.82438	42.993
4.76208	43.0098
4.71405	43.0168
4.68111	42.9868
4.65771	42.9642
4.60605	42.9664
4.56049	42.9731
4.54432	42.9985
4.58826	42.9912
4.63262	42.9856
4.6549	43.0191
4.68405	43.0111
4.68549	43.0482
4.6332	43.0357
4.60739	43.0233
4.56991	43.033
4.53303	43.0441
4.49902	43.0151
4.4497	43.0213
4.40284	43.0146
4.39408	42.9899
4.39771	42.9644
4.36605	42.9614
4.33659	42.9293
4.3011	42.9344
4.26087	42.9192
4.23396	42.9342
4.18571	42.94
4.16994	42.9099
4.13629	42.9324
4.10131	42.9112
4.08335	42.8868
4.03773	42.8736
3.98297	42.871
3.93203	42.886
3.89483	42.8746
3.86683	42.8753
3.85312	42.8559
3.80902	42.8502
3.76527	42.8574
3.7288	42.8584
3.698	42.8738
3.66203	42.8746
3.63469	42.8561
3.63365	42.8312
3.60404	42.8395
3.5673	42.8234
3.52718	42.8068
3.4864	42.7912
3.45209	42.8117
3.42003	42.7965
3.40994	42.8167
3.4239	42.8354
3.44698	42.8458
3.4725	42.8399
3.49005	42.8133
3.50365	42.8358
3.53512	42.838
3.57083	42.8526
3.60144	42.8696
3.63039	42.8823
3.65229	42.902
3.69301	42.9061
3.72008	42.9109
3.73791	42.8941
3.76107	42.8802
3.79127	42.8695
3.82895	42.8762
3.85463	42.8952
3.88382	42.896
3.89598	42.917
3.92634	42.9256
3.9539	42.9124
3.98415	42.9163
4.01143	42.9053
4.05688	42.9058
4.08021	42.9397
4.1094	42.9633
4.15681	42.9632
4.18891	42.9653
4.22012	42.9579
4.26405	42.9541
4.29827	42.9677
4.33449	42.9578
4.33153	42.9821
4.30721	42.9971
4.27052	42.9886
4.25167	42.9732
4.23143	42.9875
4.19251	42.9907
4.16306	42.9968
4.13317	42.9922
4.09599	42.9907
4.06337	42.9723
4.04021	42.9602
4.03852	42.9382
4.01437	42.9492
3.98888	42.9403
3.9549	42.9393
3.92527	42.9525
3.89992	42.9403
3.86367	42.9228
3.83186	42.9301
3.81947	42.903
3.78527	42.8929
3.75572	42.9171
3.71661	42.9326
3.66887	42.9276
3.61825	42.9229
3.59452	42.8987
3.56991	42.8794
3.54319	42.8654
3.51124	42.8636
3.46646	42.8647
3.4346	42.8644
3.39257	42.8478
3.38271	42.8195
3.35053	42.805
3.31268	42.8041
3.29022	42.7968
3.2544	42.7894
3.23189	42.7839
3.20535	42.79
3.18249	42.7775
3.16486	42.7691
3.14888	42.7633
3.13532	42.7722
3.11438	42.7828
3.09863	42.7787
3.09183	42.7668
3.07605	42.773
3.05997	42.7673
3.05313	42.7586
3.03617	42.7546
3.03703	42.7639
3.04794	42.768
3.04828	42.777
3.03788	42.7732
3.03789	42.7826
3.05017	42.7868
3.0596	42.7785
3.06991	42.7861
3.08276	42.7825
3.09154	42.7907
3.11682	42.7969
3.12983	42.7883
3.14613	42.7919
3.16492	42.7842
3.17987	42.7936
3.18282	42.8088
3.1625	42.7992
3.14327	42.8088
3.12183	42.8105
3.10209	42.805
3.08125	42.8065
3.07104	42.7979
3.06017	42.7887
3.05628	42.7963
3.04643	42.7964
3.03841	42.7919
3.03867	42.8012
3.0486	42.805
3.06247	42.8038
3.0701	42.8135
3.05609	42.8113
3.04967	42.8167
3.03953	42.8105
3.04122	42.8198
3.05143	42.8239
3.06288	42.8233
3.08032	42.8199
3.09282	42.8139
3.10712	42.8187
3.12273	42.8261
3.14048	42.8294
3.16379	42.814
3.18019	42.824
3.19902	42.8172
3.22287	42.8051
3.24555	42.8104
3.26803	42.8046
3.29314	42.8257
3.32767	42.8289
3.35834	42.8419
3.36343	42.8688
3.32963	42.8552
3.2936	42.8523
3.26364	42.8385
3.23264	42.8261
3.21202	42.8306
3.18846	42.838
3.16892	42.8377
3.15203	42.8393
3.1273	42.8444
3.11211	42.8378
3.09739	42.8362
3.09133	42.8254
3.07645	42.8298
3.0579	42.8321
3.04934	42.8327
3.04203	42.8291
3.04449	42.8383
3.04897	42.8425
3.05586	42.8417
3.0679	42.8403
3.08379	42.8409
3.09541	42.8495
3.11655	42.8551
3.13151	42.8596
3.14275	42.8506
3.16136	42.8512
3.18461	42.858
3.20474	42.8465
3.23041	42.8464
3.26475	42.8642
3.28508	42.8848
3.30721	42.8747
3.33576	42.8851
3.37471	42.893
3.39693	42.8753
3.42305	42.8933
3.45725	42.8888
3.49255	42.8873
3.51974	42.8842
3.54305	42.8957
3.56693	42.9177
3.58746	42.9416
3.53311	42.9362
3.52542	42.914
3.50627	42.9028
3.48821	42.9151
3.45688	42.9136
3.41902	42.9205
3.39989	42.9049
3.3779	42.9179
3.34912	42.9077
3.32274	42.9147
3.30281	42.8993
3.28618	42.913
3.26533	42.8976
3.25313	42.881
3.23237	42.8666
3.21163	42.8625
3.19717	42.875
3.1768	42.8691
3.16127	42.8659
3.14417	42.872
3.12544	42.8713
3.09962	42.8669
3.08947	42.8594
3.07559	42.8482
3.06345	42.8497
3.05481	42.8486
3.04617	42.8475
3.04703	42.8568
3.05351	42.8603
3.06127	42.8595
3.07577	42.8579
3.07825	42.8676
3.06577	42.8689
3.05625	42.8694
3.04846	42.8651
3.04953	42.8748
3.06116	42.8782
3.07345	42.8768
3.08938	42.8747
3.10967	42.8795
3.12804	42.884
3.14396	42.8868
3.16107	42.8807
3.18006	42.8816
3.20243	42.889
3.22008	42.8848
3.24	42.8971
3.25148	42.9125
3.21679	42.9052
3.19247	42.9012
3.16937	42.894
3.14948	42.9077
3.13345	42.8979
3.11686	42.8934
3.10134	42.8936
3.08912	42.886
3.07747	42.8862
3.06586	42.887
3.05117	42.884
3.05453	42.893
3.0634	42.8963
3.07297	42.8947
3.08943	42.9014
3.1091	42.9041
3.12319	42.9092
3.13285	42.9239
3.15587	42.9254
3.17188	42.9122
3.18789	42.918
3.20398	42.9238
3.21942	42.9305
3.23588	42.9255
3.2677	42.925
3.29915	42.9289
3.34037	42.9317
3.36622	42.9369
3.39719	42.9318
3.42754	42.94
3.45357	42.9383
3.47885	42.9341
3.50635	42.9314
3.49392	42.9507
3.46861	42.955
3.43641	42.9604
3.4057	42.9514
3.365	42.958
3.34188	42.9511
3.31033	42.9475
3.28518	42.953
3.27144	42.9409
3.25249	42.9471
3.23311	42.9445
3.21348	42.9436
3.19472	42.9385
3.1783	42.9298
3.16307	42.9404
3.14698	42.9366
3.12827	42.9371
3.11591	42.9252
3.10392	42.9157
3.0822	42.9095
3.07087	42.9053
3.06316	42.9059
3.05702	42.9022
3.05951	42.9113
3.06913	42.9175
3.08131	42.9193
3.0977	42.9284
3.11016	42.9379
3.12067	42.9493
3.13849	42.9481
3.15545	42.9553
3.1746	42.9538
3.19634	42.9541
3.212	42.963
3.23086	42.9599
3.25615	42.9688
3.2794	42.9807
3.30328	42.9753
3.32438	42.9649
3.33865	42.9834
3.36539	42.9867
3.38952	42.977
3.41433	42.9702
3.41986	42.9898
3.38651	43.0041
3.36734	43.0123
3.34859	43.0035
3.31413	42.993
3.29541	42.9891
3.28076	43.0023
3.25881	42.9924
3.23784	42.9744
3.21917	42.9792
3.19585	42.9713
3.18203	42.965
3.16617	42.9645
3.15203	42.9703
3.13069	42.9585
3.1099	42.9606
3.10508	42.9492
3.09641	42.9393
3.08178	42.9337
3.07241	42.9271
3.05732	42.9205
3.06075	42.9308
3.05569	42.9263
3.04821	42.9271
3.05285	42.9324
3.05446	42.9401
3.06457	42.9384
3.07057	42.945
3.08398	42.9442
3.08957	42.9539
3.09614	42.964
3.10256	42.9728
3.11516	42.9709
3.12908	42.9706
3.14086	42.9823
3.12563	42.9824
3.11043	42.9812
3.09596	42.9815
3.08677	42.9727
3.0803	42.9625
3.06753	42.9536
3.05977	42.9498
3.05068	42.9491
3.04536	42.9459
3.04529	42.9406
3.04473	42.9329
3.03683	42.9313
3.03783	42.9364
3.03869	42.9457
3.04119	42.9548
3.04918	42.9553
3.05701	42.9567
3.06595	42.9624
3.07577	42.9707
3.08135	42.9812
3.0696	42.9834
3.06493	42.9732
3.0551	42.9656
3.0502	42.9612
3.04367	42.964
3.04877	42.9675
3.05643	42.9723
3.05648	42.978
3.04789	42.9728
3.05117	42.9818
3.06006	42.9851
3.06346	42.9794
3.06067	42.9905
3.05375	42.991
3.05637	43.0001
3.06356	42.9988
3.06651	42.9935
3.07582	42.9899
3.08616	42.99
3.10411	43
3.11829	42.9929
3.13449	42.9963
3.16083	42.9907
3.17374	42.9758
3.19526	42.9839
3.20329	42.9948
3.18237	42.9913
3.17753	43.0078
3.15194	43.006
3.13601	43.0085
3.12086	43.0062
3.10839	43.0171
3.09619	43.0124
3.09229	43.0005
3.08076	42.9983
3.06978	43.0019
3.06217	43.0084
3.07337	43.0103
3.08419	43.0073
3.08143	43.0195
3.07414	43.0167
3.06704	43.0121
3.06608	43.0173
3.07522	43.0232
3.07964	43.0283
3.08835	43.0271
3.0956	43.0231
3.10058	43.031
3.11159	43.0328
3.12076	43.0236
3.13514	43.0206
3.14787	43.0164
3.15996	43.0217
3.18154	43.0229
3.19676	43.0091
3.21833	43.0012
3.23383	42.9955
3.24852	43.0049
3.26031	43.0166
3.27914	43.0172
3.30022	43.0038
3.32407	43.0131
3.34201	43.0266
3.36642	43.0296
3.39534	43.03
3.41373	43.0124
3.44749	42.9932
3.46341	42.975
3.50079	42.9718
3.52777	42.9675
3.56206	42.961
3.59975	42.9646
3.64219	42.9471
3.6706	42.9502
3.70802	42.9532
3.75274	42.944
3.78653	42.9288
3.80827	42.9486
3.84434	42.9497
3.87199	42.9482
3.89668	42.9656
3.94014	42.9727
3.96938	42.9765
3.99446	42.9831
4.01615	42.9711
4.03898	42.9919
4.06654	43.0088
4.09566	43.0211
4.128	43.0264
4.1705	43.0201
4.21398	43.0046
4.24982	43.0128
4.28133	43.0121
4.29972	43.0323
4.33681	43.0163
4.36191	42.9864
4.36551	43.0098
4.34483	43.0357
4.37052	43.0331
4.40811	43.044
4.43073	43.0676
4.47757	43.0519
4.50327	43.039
4.53267	43.07
4.55798	43.0522
4.58461	43.062
4.60943	43.0494
4.63601	43.0595
4.66447	43.064
4.69431	43.0687
4.71918	43.0484
4.74126	43.0269
4.7798	43.0326
4.81029	43.0209
4.8448	43.0456
4.89135	43.0461
4.92697	43.0517
4.93102	43.0782
4.89888	43.0862
4.86771	43.0685
4.83559	43.0829
4.80076	43.0576
4.75287	43.0488
4.72062	43.075
4.70226	43.0909
4.67611	43.085
4.63666	43.0913
4.61012	43.0772
4.5823	43.0896
4.56048	43.0734
4.54755	43.0932
4.50358	43.0821
4.47251	43.0767
4.42711	43.0939
4.40426	43.0748
4.38007	43.0637
4.33836	43.0556
4.31353	43.0497
4.29737	43.0657
4.26984	43.0615
4.25891	43.0411
4.23071	43.0442
4.21296	43.0266
4.19058	43.0486
4.15502	43.0461
4.10876	43.0439
4.07942	43.0439
4.0573	43.0299
4.02397	43.0094
3.99825	43.0038
3.96174	43.0047
3.92334	42.992
3.89686	42.9962
3.87415	42.9847
3.84632	42.9865
3.8301	42.9685
3.78182	42.9645
3.75521	42.9702
3.72773	42.9683
3.68818	42.9682
3.65887	42.9818
3.62499	42.9797
3.60559	42.9973
3.58077	42.9846
3.55577	42.9805
3.53305	42.9897
3.50478	42.9933
3.47919	42.9911
3.46699	43.009
3.49315	43.0121
3.52153	43.0228
3.54406	43.0106
3.57242	43.0205
3.60338	43.0206
3.65164	43.008
3.68796	42.9983
3.72376	42.9994
3.76186	42.9914
3.80129	42.9909
3.83458	43.0065
3.86656	43.0065
3.89184	43.0172
3.91732	43.0311
3.94829	43.0316
3.98888	43.0386
4.029	43.0301
4.01736	43.05
3.99534	43.0633
3.96354	43.0647
3.92056	43.0555
3.8799	43.0513
3.85982	43.0285
3.81767	43.0251
3.78945	43.0201
3.75438	43.0125
3.7372	43.0296
3.69598	43.0259
3.66917	43.0242
3.64611	43.0351
3.6195	43.0375
3.59543	43.0471
3.56153	43.0434
3.5279	43.0438
3.4973	43.0328
3.46478	43.0367
3.43314	43.0296
3.41443	43.0391
3.39004	43.0525
3.3672	43.0481
3.33464	43.0452
3.31489	43.0269
3.29781	43.0192
3.27934	43.0332
3.254	43.0361
3.24129	43.0212
3.22353	43.0141
3.20104	43.024
3.19576	43.0364
3.21216	43.0347
3.22965	43.0339
3.24181	43.0529
3.26867	43.0516
3.29238	43.0569
3.3064	43.0409
3.31858	43.051
3.30802	43.0622
3.30262	43.075
3.32482	43.0642
3.35096	43.0616
3.37177	43.0744
3.39707	43.0692
3.42361	43.0552
3.44663	43.0493
3.46392	43.0627
3.47981	43.05
3.50208	43.0529
3.51782	43.0692
3.54968	43.0669
3.58958	43.0738
3.62681	43.0579
3.67108	43.0542
3.71549	43.0567
3.76208	43.0549
3.76556	43.0325
3.79618	43.0475
3.83166	43.0451
3.85826	43.0648
3.87113	43.084
3.83148	43.0698
3.80104	43.0752
3.77023	43.0787
3.74144	43.088
3.71904	43.0773
3.69435	43.0842
3.65505	43.0763
3.62633	43.0879
3.59596	43.1057
3.57074	43.1066
3.55346	43.0921
3.53101	43.0852
3.50768	43.0899
3.48989	43.071
3.47975	43.0917
3.4432	43.0792
3.41388	43.0807
3.39078	43.0861
3.36036	43.0873
3.34093	43.084
3.31991	43.0844
3.29403	43.0868
3.27634	43.0718
3.25588	43.0606
3.243	43.0694
3.22459	43.0539
3.20884	43.0483
3.19284	43.0547
3.18186	43.0435
3.16828	43.0342
3.14705	43.0286
3.1319	43.0342
3.12286	43.0461
3.10799	43.0407
3.09784	43.0383
3.08997	43.034
3.08153	43.0372
3.07337	43.0301
3.06856	43.0265
3.07246	43.0354
3.07762	43.0439
3.08951	43.0423
3.09903	43.0459
3.11062	43.0487
3.1181	43.0563
3.13071	43.0541
3.13855	43.0443
3.15205	43.0403
3.16514	43.0456
3.17839	43.0546
3.19273	43.0689
3.20977	43.0604
3.22221	43.0675
3.23125	43.0775
3.21313	43.0841
3.20781	43.0724
3.18753	43.0806
3.17511	43.0683
3.16433	43.0572
3.14356	43.055
3.12704	43.0646
3.11823	43.0675
3.10936	43.0647
3.10253	43.0559
3.09132	43.0505
3.08505	43.0472
3.08203	43.0527
3.08622	43.057
3.09465	43.0589
3.10069	43.0676
3.10268	43.0726
3.10899	43.0743
3.11748	43.0751
3.12602	43.0749
3.13795	43.0779
3.14691	43.071
3.16099	43.0695
3.16726	43.0808
3.17744	43.0901
3.19269	43.0923
3.20248	43.1036
3.21961	43.1015
3.22956	43.0897
3.24673	43.0857
3.26427	43.0824
3.27849	43.0927
3.28995	43.104
3.30578	43.0968
3.32384	43.0985
3.35106	43.1011
3.37502	43.1005
3.39186	43.103
3.40841	43.0994
3.43035	43.0963
3.45169	43.1014
3.48475	43.1095
3.51041	43.112
3.53878	43.1113
3.55559	43.1294
3.58221	43.1244
3.61313	43.1261
3.63011	43.1092
3.66002	43.1015
3.69263	43.1164
3.71896	43.1043
3.74793	43.1106
3.77715	43.1126
3.80343	43.1025
3.83087	43.0945
3.85822	43.1159
3.89879	43.1093
3.90016	43.0863
3.92931	43.0872
3.96272	43.0914
3.99636	43.0885
4.02439	43.0876
4.03482	43.067
4.06762	43.0681
4.09603	43.0644
4.12561	43.0629
4.14391	43.0799
4.17035	43.0721
4.21968	43.065
4.26298	43.083
4.29788	43.0997
4.32501	43.0787
4.35003	43.0738
4.37286	43.0833
4.39374	43.0953
4.39603	43.1171
4.37237	43.1079
4.3515	43.0948
4.32571	43.1041
4.3242	43.1266
4.34836	43.1358
4.37376	43.1289
4.40174	43.1374
4.42212	43.12
4.44815	43.1179
4.46251	43.1006
4.4896	43.1004
4.53233	43.1129
4.56735	43.1063
4.60491	43.1108
4.63425	43.1247
4.65988	43.102
4.70983	43.1116
4.75178	43.1021
4.75436	43.0755
4.7825	43.0745
4.79448	43.0947
4.81472	43.1178
4.85019	43.1187
4.87806	43.1057
4.91549	43.107
4.94602	43.1021
4.97395	43.0845
4.98325	43.1117
4.93491	43.1319
4.89664	43.1267
4.879	43.1552
4.8478	43.1549
4.81841	43.1466
4.78153	43.1277
4.73918	43.1371
4.6964	43.1349
4.6683	43.1221
4.6569	43.1411
4.68053	43.1507
4.70333	43.1599
4.729	43.1561
4.7796	43.1595
4.81098	43.1793
4.85295	43.1793
4.90674	43.1781
4.91115	43.1499
4.93993	43.1624
4.9707	43.1439
4.99426	43.1855
4.96467	43.1859
4.93424	43.1888
4.91215	43.2056
4.87518	43.2028
4.83199	43.1979
4.78784	43.207
4.7827	43.1818
4.74343	43.1733
4.72449	43.1921
4.69419	43.1936
4.66765	43.1847
4.65992	43.1627
4.63352	43.1511
4.60647	43.1405
4.57368	43.126
4.53898	43.1354
4.51196	43.1387
4.50398	43.1186
4.47301	43.1244
4.44802	43.1437
4.41361	43.1592
4.37968	43.1498
4.36448	43.1675
4.33373	43.1536
4.29851	43.1415
4.27237	43.127
4.27026	43.1047
4.23067	43.1027
4.21472	43.0857
4.19243	43.0974
4.15068	43.1016
4.1182	43.0882
4.09049	43.0867
4.07281	43.1049
4.0439	43.1035
3.99917	43.113
3.96919	43.1198
3.932	43.1137
3.92866	43.1402
3.97358	43.1511
4.01321	43.1351
4.04034	43.1265
4.0629	43.1412
4.09486	43.1197
4.1224	43.1099
4.15964	43.1228
4.18729	43.1278
4.21347	43.1201
4.23988	43.1273
4.26677	43.1548
4.29888	43.1668
4.33142	43.1816
4.36147	43.1945
4.39591	43.1888
4.39047	43.1686
4.42946	43.182
4.43859	43.1632
4.46637	43.1554
4.48729	43.1469
4.51695	43.1674
4.53164	43.153
4.57168	43.155
4.59559	43.1575
4.61431	43.1695
4.63808	43.1701
4.64684	43.1851
4.66887	43.2074
4.70391	43.2202
4.73795	43.2136
4.75967	43.1951
4.76734	43.2236
4.74171	43.2349
4.7108	43.2474
4.68701	43.2427
4.66683	43.2318
4.65365	43.2188
4.63938	43.2004
4.62507	43.1859
4.60546	43.1958
4.58528	43.1764
4.55727	43.1833
4.54653	43.1673
4.53565	43.1891
4.54951	43.2129
4.57112	43.1976
4.59008	43.2191
4.61133	43.2131
4.63267	43.2189
4.64241	43.2366
4.66554	43.2512
4.69295	43.2615
4.71596	43.2679
4.7349	43.2558
4.7604	43.2506
4.79223	43.2359
4.81532	43.2191
4.84657	43.2215
4.89284	43.2289
4.93949	43.2232
4.97512	43.2143
4.96888	43.2434
4.92098	43.2457
4.88739	43.2497
4.86244	43.2575
4.82527	43.2426
4.79061	43.265
4.76668	43.2693
4.7434	43.2755
4.71055	43.2867
4.69103	43.2815
4.6699	43.2698
4.64253	43.2565
4.62101	43.2515
4.61745	43.2339
4.59592	43.2356
4.56815	43.2227
4.53857	43.2341
4.52056	43.2124
4.50596	43.1893
4.48886	43.1712
4.4605	43.1735
4.45693	43.194
4.48107	43.2021
4.48987	43.2204
4.45701	43.2147
4.4294	43.208
4.39531	43.207
4.37743	43.2184
4.35553	43.2241
4.33767	43.2008
4.31426	43.2079
4.29059	43.1911
4.26698	43.1777
4.23141	43.1522
4.20049	43.1501
4.16305	43.1501
4.13377	43.132
4.09302	43.1436
4.07502	43.164
4.10628	43.1651
4.12836	43.1529
4.14071	43.1718
4.10582	43.1884
4.07914	43.1984
4.04648	43.1741
4.0241	43.1577
4.0012	43.1737
3.97417	43.1725
3.94094	43.169
3.91482	43.16
3.88651	43.1406
3.84596	43.1497
3.81713	43.1229
3.79186	43.1306
3.76176	43.1397
3.7276	43.1274
3.69708	43.1459
3.67392	43.1331
3.64591	43.1268
3.62472	43.1488
3.59002	43.1451
3.57209	43.1536
3.55173	43.15
3.52879	43.1397
3.51461	43.1279
3.49414	43.126
3.46801	43.1219
3.44288	43.1136
3.4251	43.1134
3.39627	43.1161
3.37948	43.1135
3.35505	43.1198
3.34146	43.112
3.3247	43.1129
3.30461	43.1126
3.28571	43.118
3.27205	43.109
3.26014	43.0962
3.23827	43.1029
3.22753	43.1127
3.24122	43.1137
3.25434	43.1105
3.26687	43.1225
3.2744	43.1366
3.29605	43.1302
3.3144	43.1283
3.33585	43.1273
3.3454	43.1388
3.36181	43.1315
3.37695	43.1269
3.39496	43.139
3.41229	43.1256
3.4274	43.1307
3.44339	43.1277
3.45631	43.1403
3.47683	43.1393
3.49959	43.1446
3.51936	43.1621
3.54137	43.1658
3.56355	43.1686
3.58862	43.1766
3.60121	43.1612
3.6156	43.1756
3.6467	43.1748
3.65945	43.1523
3.68429	43.1746
3.71227	43.1663
3.73663	43.1475
3.76994	43.1618
3.7961	43.1517
3.82058	43.1437
3.82475	43.1691
3.79993	43.1712
3.76998	43.1826
3.74205	43.1684
3.71426	43.1926
3.68039	43.2065
3.66557	43.1888
3.64334	43.1992
3.62416	43.1913
3.60295	43.1947
3.58223	43.1923
3.55688	43.1842
3.53232	43.1833
3.5082	43.1718
3.49792	43.1616
3.48549	43.1523
3.46957	43.1572
3.45217	43.1556
3.43788	43.1475
3.41717	43.1409
3.41176	43.1581
3.3897	43.1561
3.37885	43.1396
3.36135	43.1443
3.34356	43.1525
3.32714	43.1427
3.3083	43.145
3.28931	43.1438
3.27541	43.1504
3.25939	43.1485
3.25693	43.1359
3.24663	43.1237
3.2283	43.1255
3.21411	43.1198
3.19864	43.117
3.19057	43.1085
3.17978	43.1022
3.16371	43.0958
3.15436	43.0795
3.14709	43.088
3.12913	43.085
3.11621	43.0818
3.10933	43.08
3.10268	43.0823
3.0963	43.0742
3.0917	43.0655
3.10787	43.0854
3.11406	43.0871
3.11996	43.0902
3.13032	43.0939
3.13995	43.0932
3.15101	43.0978
3.16362	43.1111
3.18049	43.1164
3.18942	43.1263
3.17185	43.1219
3.16149	43.1188
3.15151	43.118
3.14963	43.1079
3.13813	43.1007
3.12923	43.1029
3.12331	43.0952
3.11437	43.0932
3.1085	43.0906
3.11545	43.0984
3.12222	43.1009
3.12126	43.1067
3.12512	43.1111
3.13511	43.1086
3.13896	43.1158
3.12913	43.1154
3.13613	43.1232
3.14405	43.121
3.15071	43.1248
3.15867	43.1265
3.17529	43.1302
3.18802	43.1381
3.1997	43.1375
3.20873	43.1316
3.22159	43.1346
3.23378	43.139
3.24617	43.1412
3.24353	43.151
3.22162	43.1495
3.21171	43.1418
3.1999	43.1468
3.1903	43.1456
3.18045	43.1427
3.17324	43.1372
3.16438	43.1356
3.15752	43.1344
3.15175	43.1313
3.14252	43.1313
3.14181	43.126
3.1506	43.1385
3.15848	43.1399
3.16399	43.1435
3.17108	43.1442
3.18245	43.1501
3.19303	43.1528
3.20023	43.1578
3.20996	43.1521
3.22249	43.1598
3.23442	43.1575
3.24756	43.164
3.26324	43.1609
3.28673	43.1595
3.29797	43.1527
3.31895	43.1575
3.33281	43.1626
3.34611	43.1686
3.35779	43.1557
3.37445	43.1518
3.36854	43.1637
3.3611	43.177
3.37516	43.178
3.38815	43.1736
3.40768	43.1712
3.42747	43.1569
3.4373	43.1666
3.45946	43.1682
3.48209	43.1661
3.49197	43.1779
3.51125	43.1847
3.52128	43.1972
3.54271	43.1963
3.56154	43.2003
3.58237	43.2089
3.60393	43.2163
3.61994	43.2068
3.63263	43.219
3.65895	43.2121
3.6899	43.2228
3.71256	43.2227
3.73109	43.2083
3.75465	43.1995
3.77872	43.2066
3.79435	43.1905
3.82481	43.1948
3.85289	43.1845
3.87106	43.1586
3.89161	43.173
3.92183	43.1954
3.96506	43.1926
3.99247	43.1943
4.0236	43.189
4.03879	43.209
4.06759	43.2242
4.10527	43.2157
4.13209	43.1991
4.15864	43.1931
4.17743	43.1771
4.21076	43.1732
4.23773	43.1844
4.26089	43.2002
4.28362	43.2118
4.28834	43.2328
4.26197	43.2218
4.23799	43.2159
4.21427	43.1997
4.18505	43.1994
4.15405	43.2128
4.13932	43.229
4.12197	43.2473
4.09453	43.2413
4.06688	43.2559
4.03815	43.2427
4.01479	43.2319
3.9971	43.2157
3.97158	43.2247
3.9457	43.2164
3.9084	43.214
3.88342	43.2056
3.8575	43.218
3.82726	43.2192
3.80495	43.2337
3.77739	43.2268
3.75511	43.2385
3.73012	43.2459
3.71148	43.239
3.67784	43.238
3.65615	43.2299
3.64674	43.2423
3.6286	43.2403
3.61724	43.2245
3.59948	43.2297
3.58216	43.2275
3.5641	43.2165
3.54912	43.2102
3.53217	43.2093
3.50327	43.212
3.5029	43.2001
3.49317	43.1903
3.47435	43.1924
3.47243	43.177
3.45348	43.1809
3.43685	43.1798
3.42029	43.1802
3.40194	43.1839
3.38176	43.1878
3.36327	43.1915
3.34479	43.1847
3.3372	43.1762
3.32477	43.1729
3.31239	43.1754
3.3036	43.1681
3.2904	43.1696
3.27213	43.1704
3.25785	43.1738
3.24303	43.1721
3.23187	43.167
3.22199	43.1729
3.21103	43.1648
3.20024	43.1647
3.19295	43.1604
3.18503	43.1596
3.17817	43.1591
3.17465	43.1544
3.1703	43.1499
3.1636	43.1488
3.15775	43.1463
3.16514	43.1539
3.17211	43.1617
3.18074	43.1686
3.18555	43.1649
3.19191	43.1666
3.19454	43.1717
3.2014	43.1715
3.2098	43.1713
3.2114	43.1779
3.20356	43.1775
3.19615	43.177
3.18955	43.1754
3.18711	43.1704
3.19839	43.1821
3.20946	43.1835
3.21668	43.1821
3.22421	43.1825
3.2331	43.1763
3.24327	43.181
3.25285	43.1868
3.26814	43.1803
3.28314	43.1784
3.29754	43.1784
3.30912	43.1852
3.32723	43.1869
3.33273	43.1959
3.35115	43.193
3.36555	43.2031
3.3762	43.1972
3.39583	43.198
3.41502	43.1917
3.43046	43.1918
3.44745	43.1962
3.46014	43.1909
3.46603	43.2033
3.45372	43.2115
3.44094	43.2145
3.43134	43.206
3.41292	43.2038
3.39888	43.211
3.37949	43.2071
3.36886	43.2205
3.35524	43.2115
3.34385	43.2008
3.33211	43.2082
3.32116	43.2001
3.30995	43.1953
3.29066	43.1866
3.27891	43.1896
3.26413	43.1903
3.25584	43.1972
3.24456	43.1938
3.23422	43.1856
3.22841	43.1927
3.22126	43.1926
3.21698	43.1881
3.20695	43.1891
3.21552	43.196
3.22178	43.1979
3.22847	43.198
3.23644	43.1937
3.23467	43.2
3.23066	43.2042
3.22418	43.2029
3.23412	43.2088
3.24166	43.2043
3.25038	43.2057
3.25976	43.2071
3.26752	43.1994
3.27931	43.2013
3.29174	43.1963
3.30596	43.2049
3.31705	43.2094
3.32006	43.2191
3.3301	43.2223
3.33982	43.2185
3.34388	43.2099
3.35582	43.2264
3.36429	43.2324
3.37942	43.226
3.38214	43.2166
3.39142	43.2229
3.40185	43.2196
3.41416	43.2185
3.42784	43.2166
3.43727	43.2247
3.45226	43.2233
3.46378	43.2182
3.47713	43.2125
3.48637	43.2015
3.49086	43.2188
3.47519	43.2235
3.4643	43.2305
3.4519	43.237
3.44381	43.2314
3.43386	43.2346
3.42201	43.2303
3.40845	43.2268
3.39759	43.2306
3.38968	43.2373
3.37506	43.2354
3.37133	43.2427
3.35562	43.2383
3.34207	43.2312
3.33008	43.2309
3.31906	43.2347
3.30956	43.2223
3.30045	43.217
3.29016	43.2082
3.27779	43.2152
3.26905	43.2088
3.26095	43.216
3.25313	43.2125
3.24344	43.2112
3.24936	43.2189
3.25623	43.2202
3.26314	43.2212
3.26937	43.2156
3.27001	43.2223
3.26546	43.2265
3.25857	43.2254
3.26801	43.2317
3.27762	43.2297
3.28353	43.2234
3.28759	43.2157
3.29315	43.2221
3.289	43.2325
3.30032	43.2274
3.30884	43.2324
3.31169	43.2436
3.30399	43.2432
3.30062	43.2377
3.29303	43.2376
3.28457	43.2385
3.28237	43.2335
3.27799	43.2376
3.2888	43.2426
3.29636	43.2434
3.29994	43.2487
3.30753	43.2486
3.31744	43.2531
3.32245	43.2491
3.3216	43.2417
3.33074	43.2404
3.3449	43.2395
3.34879	43.2474
3.35685	43.2515
3.36598	43.2493
3.37327	43.2536
3.38015	43.2463
3.38971	43.245
3.40102	43.2449
3.40686	43.2361
3.41715	43.24
3.42613	43.2455
3.4398	43.2439
3.4467	43.25
3.45704	43.2504
3.46561	43.2416
3.47499	43.2339
3.4858	43.2308
3.50545	43.2239
3.52282	43.2212
3.54187	43.2223
3.55677	43.2318
3.58087	43.2414
3.59831	43.2436
3.61267	43.2374
3.61488	43.2503
3.60524	43.2616
3.58964	43.2563
3.57177	43.2534
3.56169	43.2437
3.54388	43.2381
3.52956	43.2341
3.51572	43.2316
3.50309	43.2368
3.48289	43.2405
3.47608	43.249
3.48523	43.252
3.49273	43.2469
3.50942	43.2488
3.52371	43.2451
3.5478	43.2497
3.55781	43.2597
3.57289	43.2677
3.5913	43.2706
3.6092	43.2746
3.62195	43.2639
3.63433	43.2537
3.66096	43.2514
3.67852	43.2635
3.69634	43.25
3.71542	43.2593
3.74591	43.2739
3.75985	43.2593
3.78455	43.2632
3.80825	43.2565
3.84133	43.2453
3.87578	43.2371
3.91699	43.2344
3.95677	43.2433
3.99753	43.2484
4.00919	43.2695
4.04339	43.2745
4.0582	43.2893
4.08156	43.2855
4.10851	43.2672
4.1463	43.259
4.1597	43.2415
4.17672	43.2216
4.21279	43.2292
4.24825	43.2385
4.27239	43.2537
4.30131	43.2608
4.31142	43.2343
4.33286	43.2274
4.3573	43.2423
4.39104	43.2428
4.40651	43.2228
4.43619	43.2294
4.45252	43.2393
4.47211	43.2342
4.48799	43.2443
4.50534	43.2358
4.53041	43.2496
4.54804	43.2589
4.57042	43.2403
4.59861	43.2526
4.61678	43.2717
4.6374	43.2707
4.65716	43.2791
4.67154	43.2868
4.68812	43.2976
4.70654	43.3015
4.72494	43.3054
4.73721	43.2916
4.7743	43.2898
4.79383	43.2949
4.81198	43.2873
4.83379	43.2687
4.86135	43.2777
4.90157	43.2677
4.94274	43.2663
4.9704	43.2653
4.99803	43.2639
4.96083	43.2884
4.93241	43.2873
4.89696	43.2853
4.87691	43.2938
4.8441	43.2927
4.81373	43.3029
4.78994	43.3109
4.77505	43.3083
4.75246	43.3034
4.73919	43.3086
4.72893	43.3177
4.71804	43.3187
4.70993	43.311
4.69802	43.3078
4.68638	43.308
4.67572	43.3015
4.66244	43.3022
4.65117	43.2943
4.64156	43.2851
4.62579	43.2823
4.61665	43.2928
4.59635	43.2772
4.57554	43.2726
4.56891	43.2569
4.55554	43.2736
4.57358	43.2894
4.59273	43.2941
4.60435	43.3022
4.6196	43.3043
4.63739	43.2991
4.6505	43.3039
4.66462	43.3098
4.67404	43.3119
4.67964	43.3171
4.68811	43.3184
4.69974	43.3169
4.70859	43.323
4.71855	43.3273
4.72754	43.3281
4.74278	43.324
4.7517	43.3149
4.7646	43.3143
4.77417	43.3212
4.78946	43.3229
4.80348	43.3164
4.8268	43.3148
4.84431	43.3146
4.8597	43.308
4.88299	43.3168
4.90933	43.3004
4.9408	43.3094
4.9695	43.3149
4.99125	43.2991
4.99945	43.3155
4.99787	43.3332
4.99194	43.3498
4.9769	43.3375
4.96239	43.3284
4.94433	43.3315
4.92911	43.3218
4.90931	43.3173
4.8959	43.3303
4.87806	43.3333
4.8659	43.3271
4.85708	43.3187
4.84266	43.3284
4.82787	43.326
4.80802	43.3242
4.80177	43.3313
4.79159	43.3308
4.78096	43.3339
4.76804	43.3324
4.75937	43.3247
4.74687	43.3302
4.73542	43.3316
4.7246	43.3349
4.71595	43.3363
4.70895	43.3321
4.70171	43.3302
4.69652	43.3258
4.68731	43.3301
4.67993	43.324
4.66834	43.3191
4.65846	43.3158
4.6447	43.3123
4.63025	43.3124
4.62069	43.3169
4.61044	43.3134
4.60037	43.3173
4.59061	43.313
4.57335	43.3052
4.55345	43.3028
4.55352	43.2894
4.53367	43.2736
4.5157	43.2617
4.49544	43.26
4.47543	43.257
4.45116	43.2556
4.42775	43.2504
4.41183	43.2392
4.41091	43.2662
4.43636	43.2709
4.46238	43.2776
4.49205	43.2759
4.50978	43.2749
4.51803	43.2874
4.53534	43.2931
4.53779	43.3079
4.51942	43.3027
4.49711	43.2929
4.47818	43.2875
4.4538	43.3007
4.44039	43.2923
4.42491	43.2832
4.4071	43.2891
4.38504	43.2691
4.37386	43.2539
4.34285	43.2543
4.32249	43.2504
4.3228	43.2709
4.34877	43.2701
4.36398	43.2805
4.37956	43.2905
4.40617	43.3052
4.42193	43.2974
4.43855	43.3049
4.44989	43.3138
4.46632	43.3153
4.47069	43.3027
4.48723	43.3034
4.50216	43.3099
4.51848	43.3209
4.53887	43.3228
4.55571	43.3161
4.57636	43.3169
4.58725	43.3234
4.60131	43.3262
4.61055	43.3255
4.61982	43.3257
4.63255	43.3262
4.63614	43.3188
4.64397	43.3237
4.65395	43.3223
4.6624	43.3242
4.67016	43.3275
4.67721	43.3329
4.68436	43.3383
4.69133	43.3367
4.69848	43.3357
4.70529	43.3367
4.70948	43.3411
4.71539	43.3446
4.72271	43.3438
4.73402	43.3407
4.74504	43.337
4.75501	43.3329
4.75942	43.3411
4.75396	43.3457
4.74593	43.3456
4.73435	43.3477
4.72747	43.3521
4.72158	43.3492
4.71484	43.3504
4.70397	43.3448
4.6969	43.3435
4.68971	43.3423
4.68331	43.3451
4.67728	43.3415
4.67016	43.3383
4.66335	43.3338
4.65614	43.3296
4.64862	43.3285
4.64211	43.3317
4.63311	43.3355
4.62751	43.331
4.61991	43.3329
4.61084	43.3328
4.60022	43.3347
4.58571	43.3341
4.5701	43.3278
4.55391	43.3331
4.52925	43.3356
4.51238	43.3321
4.49844	43.327
4.48284	43.3161
4.46693	43.3284
4.4439	43.3251
4.42493	43.3115
4.40465	43.3213
4.38831	43.312
4.36887	43.3152
4.3568	43.3028
4.34601	43.2875
4.32442	43.2914
4.29305	43.2795
4.2616	43.2766
4.23702	43.2615
4.20595	43.2596
4.18541	43.2435
4.17604	43.2651
4.14748	43.2795
4.12647	43.2914
4.10261	43.2951
4.0732	43.3105
4.0481	43.3064
4.02365	43.3083
4.00921	43.2926
3.98065	43.2742
3.95834	43.2638
3.93246	43.2648
3.90768	43.255
3.86944	43.2631
3.82595	43.2696
3.8049	43.2792
3.76837	43.2785
3.7516	43.2939
3.73188	43.295
3.72428	43.2805
3.69937	43.2716
3.67746	43.2793
3.6589	43.2733
3.64117	43.2668
3.62344	43.2751
3.62214	43.2893
3.63519	43.2815
3.65308	43.2883
3.67078	43.2944
3.6898	43.2918
3.70375	43.2844
3.71215	43.2959
3.72562	43.3106
3.74536	43.3088
3.76726	43.3033
3.78372	43.2948
3.7996	43.3041
3.81844	43.2995
3.84519	43.2813
3.87327	43.2861
3.89882	43.2758
3.91715	43.2989
3.9498	43.2901
3.97849	43.3065
4.00683	43.3234
4.03454	43.3257
4.05621	43.3396
4.08034	43.33
4.09841	43.3141
4.12227	43.3104
4.15251	43.3078
4.17039	43.289
4.19432	43.2802
4.22052	43.2828
4.24216	43.2843
4.27584	43.2882
4.30379	43.303
4.32545	43.3134
4.33784	43.3021
4.35118	43.3161
4.34484	43.3292
4.32625	43.3306
4.30833	43.3164
4.29047	43.319
4.2785	43.3042
4.25969	43.3119
4.24315	43.3014
4.20826	43.3067
4.18362	43.3055
4.17457	43.3237
4.13486	43.3268
4.10712	43.3298
4.09874	43.3456
4.12189	43.3423
4.15141	43.3424
4.17908	43.3421
4.19422	43.3302
4.21528	43.3276
4.22793	43.3133
4.25428	43.3281
4.27271	43.3219
4.28056	43.3348
4.30758	43.3303
4.3216	43.3449
4.3448	43.3442
4.36366	43.3303
4.38202	43.3269
4.39892	43.3371
4.41537	43.338
4.42851	43.3267
4.44251	43.3374
4.45634	43.3357
4.46921	43.34
4.48219	43.3281
4.49622	43.337
4.50632	43.3432
4.52891	43.3456
4.54154	43.3447
4.55225	43.3419
4.56616	43.3413
4.57645	43.3386
4.58678	43.3412
4.59747	43.341
4.60586	43.3421
4.61227	43.3388
4.61976	43.3401
4.62746	43.3397
4.63376	43.3432
4.6407	43.3435
4.64532	43.3394
4.65155	43.335
4.65783	43.3393
4.6644	43.3421
4.67102	43.3443
4.67657	43.3479
4.68935	43.3488
4.702	43.3504
4.66374	43.3479
4.65769	43.3452
4.6516	43.3425
4.65197	43.3483
4.64027	43.349
4.62826	43.3496
4.62092	43.3466
4.61275	43.3449
4.60735	43.3499
4.60087	43.3471
4.59288	43.3465
4.58076	43.3466
4.57192	43.3466
4.5569	43.35
4.54601	43.3575
4.53376	43.3615
4.52362	43.3548
4.50759	43.3559
4.4939	43.3475
4.48405	43.3401
4.4787	43.349
4.48669	43.3565
4.4923	43.3671
4.50675	43.3686
4.51979	43.3652
4.53074	43.3718
4.54045	43.3711
4.54729	43.3656
4.55715	43.363
4.56485	43.3591
4.57061	43.3535
4.5774	43.3551
4.58398	43.3531
4.59029	43.3514
4.60138	43.3534
4.61466	43.3509
4.59158	43.3565
4.58146	43.3597
4.57231	43.3595
4.57007	43.3651
4.56501	43.3714
4.55886	43.3744
4.55186	43.373
4.54225	43.3787
4.53036	43.3808
4.51701	43.3766
4.50408	43.3789
4.49405	43.3809
4.4849	43.3771
4.48186	43.369
4.47235	43.3651
4.46672	43.3516
4.45037	43.349
4.43459	43.3472
4.42131	43.3524
4.40962	43.3558
4.39941	43.3501
4.38359	43.3419
4.36512	43.3452
4.35525	43.3568
4.3377	43.3582
4.3157	43.3617
4.30255	43.3448
4.29246	43.3576
4.27597	43.357
4.26477	43.338
4.23225	43.3446
4.23475	43.3292
4.21768	43.3506
4.20206	43.3466
4.18723	43.355
4.16734	43.3583
4.15097	43.3627
4.1348	43.3579
4.10304	43.3662
4.08454	43.3602
4.06512	43.3565
4.04564	43.3665
4.02295	43.3515
4.00548	43.3408
3.97194	43.3294
3.94607	43.318
3.91099	43.3257
3.88412	43.3072
3.84946	43.3067
3.82842	43.3179
3.79318	43.3189
3.76137	43.3181
3.74694	43.3232
3.73155	43.3261
3.71015	43.3142
3.69727	43.3066
3.68324	43.3025
3.67372	43.3116
3.65571	43.3039
3.64128	43.2954
3.62847	43.3013
3.60806	43.3027
3.60577	43.2891
3.59498	43.2816
3.58068	43.2808
3.56473	43.2845
3.55456	43.2721
3.53888	43.2581
3.52514	43.2569
3.51667	43.2602
3.50566	43.2566
3.49782	43.2529
3.48619	43.2598
3.47671	43.2579
3.46705	43.2539
3.46102	43.2584
3.4527	43.258
3.44222	43.2573
3.43458	43.2513
3.42562	43.2564
3.41618	43.2553
3.41276	43.2483
3.4019	43.2561
3.39272	43.2523
3.38224	43.2546
3.37519	43.2609
3.36572	43.2575
3.35167	43.2578
3.34365	43.2525
3.33589	43.2505
3.3297	43.2466
3.32446	43.2543
3.33055	43.2569
3.34059	43.2584
3.34809	43.2649
3.3548	43.2629
3.36145	43.265
3.37625	43.2671
3.38799	43.2617
3.39727	43.2634
3.41009	43.2611
3.41571	43.2675
3.425	43.265
3.43366	43.2598
3.4451	43.2639
3.45135	43.2689
3.45877	43.2648
3.46756	43.263
3.47466	43.2633
3.48074	43.2662
3.48865	43.2657
3.49596	43.26
3.50206	43.263
3.50903	43.2645
3.51753	43.2676
3.52645	43.2654
3.53641	43.2688
3.54406	43.276
3.53436	43.281
3.52678	43.274
3.51518	43.2748
3.50883	43.2723
3.5035	43.2686
3.49596	43.2681
3.48955	43.2746
3.48274	43.2735
3.47662	43.2709
3.46935	43.2711
3.45998	43.2719
3.45263	43.2759
3.44603	43.2754
3.44297	43.2707
3.43579	43.2668
3.42517	43.2736
3.41683	43.2733
3.40934	43.2734
3.40452	43.2683
3.39423	43.2706
3.38803	43.2736
3.38102	43.2721
3.37489	43.2747
3.36993	43.2708
3.36292	43.2705
3.35568	43.2699
3.34796	43.2725
3.34154	43.2705
3.34047	43.2645
3.33491	43.2604
3.33166	43.2646
3.32122	43.2591
3.31038	43.2542
3.36011	43.2755
3.36693	43.2757
3.37166	43.2796
3.37869	43.2794
3.38502	43.2781
3.39151	43.2786
3.40246	43.2766
3.41333	43.2789
3.42079	43.2784
3.43157	43.2777
3.43517	43.2726
3.43978	43.2771
3.44473	43.2826
3.45322	43.2829
3.46447	43.2784
3.47706	43.2767
3.43327	43.2896
3.43629	43.2833
3.42611	43.2825
3.42125	43.2855
3.41508	43.2853
3.40638	43.2823
3.39796	43.281
3.39551	43.2863
3.3832	43.2836
3.40788	43.2887
3.4205	43.2904
3.42667	43.288
3.50237	43.2746
3.52215	43.2826
3.53264	43.2865
3.54562	43.2851
3.55498	43.2807
3.55939	43.2915
3.54994	43.295
3.54246	43.2951
3.53805	43.2903
3.52798	43.2909
3.53605	43.2982
3.54417	43.3054
3.54883	43.3008
3.5619	43.2995
3.579	43.2938
3.59347	43.2953
3.58895	43.3062
3.57292	43.3013
3.56677	43.31
3.55902	43.3097
3.55428	43.3048
3.55222	43.3126
3.55824	43.3149
3.56615	43.316
3.57357	43.3175
3.57817	43.3092
3.58468	43.3204
3.59595	43.3149
3.60878	43.3164
3.61955	43.3096
3.6311	43.3118
3.6414	43.3071
3.65397	43.3158
3.66186	43.3262
3.67572	43.3229
3.69004	43.3214
3.7102	43.327
3.72278	43.3407
3.7365	43.3418
3.74795	43.3357
3.76651	43.3326
3.78379	43.3305
3.80271	43.3298
3.81763	43.336
3.84346	43.329
3.86407	43.3295
3.88807	43.3318
3.89739	43.345
3.91622	43.3478
3.9445	43.3461
3.96441	43.3557
3.98649	43.3497
4.00406	43.3592
4.02379	43.3689
4.03721	43.3889
4.05671	43.3776
4.07384	43.3735
4.09063	43.3845
4.11238	43.3856
4.13029	43.3751
4.15986	43.3744
4.18002	43.3682
4.19782	43.3673
4.22247	43.363
4.2437	43.3602
4.26156	43.3506
4.25692	43.3736
4.23503	43.3726
4.21243	43.3733
4.19986	43.3883
4.1791	43.3823
4.16332	43.396
4.14603	43.3876
4.1289	43.3898
4.12085	43.402
4.09855	43.4006
4.07781	43.3931
4.0612	43.3913
4.04934	43.408
4.0273	43.4048
4.01212	43.3921
4.0036	43.376
3.98136	43.3684
3.95984	43.3772
3.93431	43.3672
3.90706	43.3738
3.89206	43.3596
3.87367	43.3471
3.85246	43.3437
3.83353	43.3515
3.81683	43.3494
3.79932	43.3429
3.77908	43.3438
3.75967	43.3432
3.74738	43.3497
3.73262	43.3523
3.71511	43.354
3.70505	43.3424
3.69447	43.3332
3.67894	43.3348
3.66741	43.34
3.65467	43.337
3.64873	43.3276
3.63918	43.3187
3.62368	43.32
3.6111	43.3283
3.60084	43.3244
3.59025	43.3301
3.58305	43.3302
3.57806	43.326
3.57256	43.3228
3.56606	43.3223
3.56029	43.3199
3.5684	43.3271
3.57746	43.3337
3.58987	43.3361
3.60267	43.3344
3.61547	43.3393
3.62145	43.3322
3.6358	43.33
3.64002	43.341
3.654	43.3493
3.67137	43.3501
3.68908	43.3487
3.69852	43.3606
3.71018	43.3626
3.71977	43.3682
3.73441	43.3684
3.74602	43.3614
3.76424	43.3546
3.78274	43.3609
3.80436	43.3584
3.8203	43.3685
3.83936	43.3675
3.85614	43.3603
3.87426	43.3646
3.88404	43.3774
3.89342	43.3948
3.91904	43.3898
3.93421	43.3816
3.94461	43.3936
3.92865	43.4095
3.90889	43.4008
3.89042	43.4085
3.87937	43.3975
3.86747	43.391
3.86169	43.3757
3.84904	43.3882
3.83224	43.3815
3.81061	43.3827
3.79827	43.372
3.78235	43.3791
3.76898	43.3743
3.77014	43.3639
3.75773	43.3676
3.74133	43.3786
3.72863	43.3764
3.7171	43.3779
3.70681	43.3731
3.69257	43.3717
3.68126	43.3613
3.66689	43.3629
3.65894	43.357
3.65096	43.3628
3.64072	43.3582
3.64292	43.3496
3.63196	43.3483
3.62851	43.3395
3.61978	43.3472
3.60677	43.3445
3.59974	43.3445
3.59553	43.34
3.58556	43.341
3.59419	43.3479
3.60314	43.3546
3.60721	43.35
3.61306	43.3531
3.61234	43.3611
3.6181	43.3574
3.62541	43.3565
3.63277	43.3651
3.62571	43.3626
3.62142	43.3677
3.6281	43.3691
3.63823	43.3745
3.64304	43.3698
3.65669	43.371
3.67031	43.374
3.68118	43.3713
3.68199	43.3803
3.67338	43.3804
3.66171	43.3776
3.65037	43.3778
3.64023	43.3804
3.63054	43.3743
3.65026	43.3862
3.6585	43.3849
3.66693	43.3849
3.67925	43.386
3.69202	43.3837
3.70034	43.3792
3.70851	43.3844
3.72147	43.3867
3.73293	43.385
3.74888	43.3886
3.75569	43.3786
3.76078	43.3872
3.77279	43.3879
3.79036	43.3888
3.80287	43.3907
3.82063	43.3921
3.83217	43.4004
3.85279	43.4027
3.87267	43.4077
3.88519	43.4217
3.89827	43.4225
3.90632	43.4143
3.91993	43.4191
3.93608	43.421
3.94277	43.4054
3.96144	43.3987
3.98376	43.3883
3.99739	43.4051
3.97593	43.4072
3.9552	43.4121
3.95014	43.4276
3.96973	43.4236
3.9902	43.4251
4.00129	43.4168
4.0124	43.4082
4.01608	43.4202
4.03618	43.4157
4.05789	43.4215
4.07064	43.4166
4.07624	43.4063
4.08996	43.4178
4.10892	43.4091
4.1327	43.417
4.14309	43.4034
4.16012	43.4119
4.17407	43.4135
4.18335	43.3985
4.19696	43.4032
4.2118	43.4031
4.22072	43.3941
4.22336	43.383
4.2431	43.3849
4.269	43.3854
4.27784	43.37
4.29918	43.3733
4.31136	43.371
4.32636	43.3693
4.34689	43.366
4.35924	43.3704
4.36892	43.3614
4.38639	43.3521
4.38374	43.3624
4.37522	43.3736
4.39701	43.3684
4.41182	43.3654
4.43125	43.3667
4.43875	43.3585
4.45493	43.3612
4.45799	43.3737
4.44334	43.37
4.42515	43.3756
4.40681	43.3776
4.39108	43.3807
4.37466	43.3866
4.36267	43.381
4.34566	43.3849
4.33902	43.3747
4.33126	43.3839
4.31876	43.379
4.30017	43.3835
4.28718	43.377
4.28806	43.3872
4.29424	43.3954
4.30578	43.3928
4.32079	43.393
4.3357	43.3944
4.34742	43.3962
4.35762	43.3913
4.37034	43.4005
4.37977	43.395
4.39128	43.3903
4.40172	43.386
4.41684	43.3815
4.42934	43.3854
4.44173	43.3821
4.45509	43.3842
4.46919	43.3843
4.4702	43.3747
4.48647	43.3865
4.49832	43.3884
4.51043	43.3892
4.5223	43.3871
4.53788	43.3875
4.54623	43.3878
4.55261	43.3835
4.56248	43.3793
4.56375	43.3844
4.56017	43.3919
4.56659	43.3882
4.56691	43.3952
4.57482	43.392
4.5731	43.4007
4.58177	43.3951
4.58179	43.4022
4.59031	43.4002
4.58875	43.4066
4.59664	43.4046
4.5954	43.4104
4.58529	43.4155
4.58144	43.4096
4.57482	43.4066
4.56753	43.4084
4.56041	43.4
4.55185	43.3992
4.55225	43.3923
4.53939	43.3951
4.52981	43.3942
4.52233	43.3986
4.513	43.3986
4.50279	43.3987
4.49275	43.3973
4.48055	43.3949
4.47113	43.3921
4.46129	43.3905
4.45291	43.3949
4.4426	43.3975
4.43207	43.3955
4.41935	43.3987
4.41259	43.3896
4.40162	43.3954
4.38971	43.3999
4.38315	43.4096
4.37048	43.4141
4.35598	43.4028
4.33888	43.404
4.31759	43.4046
4.30595	43.4023
4.29441	43.4049
4.27668	43.3993
4.26537	43.395
4.25615	43.4017
4.24396	43.4052
4.23381	43.3988
4.2258	43.4108
4.20369	43.4137
4.18808	43.4147
4.18301	43.4268
4.16744	43.4233
4.14957	43.4203
4.13706	43.4269
4.12685	43.4335
4.10964	43.4208
4.09247	43.4336
4.07766	43.4264
4.06585	43.4353
4.05033	43.4383
4.0407	43.4282
4.02364	43.4333
4.00496	43.4286
3.9929	43.4372
3.97917	43.4311
3.9716	43.4398
3.95789	43.437
3.94534	43.4432
3.93248	43.4391
3.92419	43.4304
3.90245	43.4323
3.8918	43.4379
3.87912	43.4367
3.87023	43.4251
3.85657	43.4192
3.84157	43.4065
3.82756	43.4095
3.80839	43.3997
3.79896	43.404
3.78574	43.3975
3.77545	43.4023
3.76546	43.403
3.75926	43.3968
3.74181	43.3988
3.73041	43.394
3.71578	43.3961
3.70955	43.3913
3.70004	43.3872
3.69351	43.3922
3.68672	43.3912
3.68145	43.3918
3.67392	43.3904
3.66113	43.3912
3.69712	43.3967
3.70497	43.3972
3.70952	43.3991
3.7113	43.4007
3.71792	43.4033
3.72532	43.4034
3.73417	43.4024
3.74461	43.4106
3.75192	43.4037
3.75901	43.4108
3.77011	43.4101
3.7799	43.4103
3.78859	43.4067
3.79169	43.4135
3.80077	43.4125
3.81051	43.4083
3.81749	43.4152
3.80324	43.4205
3.79524	43.4193
3.78391	43.4174
3.77632	43.4194
3.76835	43.4188
3.75517	43.4184
3.74769	43.4164
3.7345	43.4187
3.73347	43.4095
3.72362	43.4137
3.71347	43.408
3.70893	43.4043
3.74625	43.4225
3.75803	43.4262
3.76554	43.4245
3.77255	43.4241
3.77944	43.4252
3.78687	43.4231
3.79406	43.4257
3.80158	43.4286
3.80942	43.427
3.81609	43.4222
3.82846	43.4216
3.83732	43.4155
3.84588	43.4273
3.83158	43.4305
3.82059	43.4284
3.81417	43.432
3.80303	43.4348
3.79511	43.4324
3.78782	43.4297
3.78157	43.4337
3.77003	43.4296
3.79236	43.4388
3.79925	43.4394
3.81034	43.4376
3.81841	43.4372
3.82483	43.4336
3.83226	43.4379
3.84137	43.4385
3.85952	43.434
3.86821	43.4406
3.87786	43.4501
3.89302	43.4479
3.90736	43.447
3.91416	43.4373
3.92171	43.446
3.92026	43.4552
3.93656	43.4511
3.94746	43.4572
3.95981	43.4481
3.97516	43.4509
3.98947	43.4492
4.00789	43.4405
4.02076	43.4487
4.03528	43.4415
4.05628	43.45
4.07068	43.4536
4.07965	43.4392
4.09667	43.444
4.10967	43.4403
4.11509	43.4488
4.10607	43.4551
4.09377	43.4571
4.08507	43.45
4.0811	43.4598
4.09078	43.4668
4.10139	43.4693
4.11199	43.4667
4.12403	43.4646
4.12692	43.4507
4.13752	43.4421
4.14848	43.4322
4.17139	43.4357
4.18566	43.4395
4.19314	43.4329
4.19916	43.4255
4.21676	43.4248
4.23115	43.4231
4.24187	43.4153
4.261	43.412
4.27453	43.4143
4.28653	43.4123
4.29535	43.4162
4.30427	43.4125
4.31689	43.4168
4.33079	43.4115
4.34664	43.4118
4.35832	43.4145
4.3685	43.4239
4.38075	43.4204
4.39376	43.4204
4.39892	43.4113
4.40814	43.4045
4.41522	43.4105
4.42554	43.4111
4.4306	43.4038
4.44262	43.4061
4.45276	43.4034
4.46674	43.3993
4.47705	43.4038
4.48764	43.4059
4.49857	43.4061
4.50871	43.4059
4.52279	43.4083
4.52943	43.4034
4.5439	43.4018
4.5489	43.4068
4.55677	43.4081
4.55954	43.4163
4.54742	43.413
4.53752	43.4093
4.52836	43.4141
4.51503	43.4121
4.50433	43.4126
4.49458	43.4126
4.48812	43.4177
4.47892	43.4129
4.46796	43.4072
4.45875	43.4104
4.44967	43.4172
4.43535	43.4113
4.42854	43.4178
4.42312	43.4234
4.40921	43.4171
4.40384	43.4232
4.39908	43.4295
4.38723	43.4248
4.37909	43.4274
4.37348	43.4329
4.36017	43.4313
4.35978	43.4244
4.35141	43.4224
4.33719	43.423
4.32706	43.4195
4.32085	43.4285
4.30751	43.423
4.29533	43.4242
4.28312	43.4216
4.26776	43.4217
4.25627	43.4223
4.24231	43.4242
4.23414	43.4343
4.24562	43.4327
4.2578	43.43
4.26705	43.4326
4.27605	43.428
4.28678	43.4312
4.29804	43.4351
4.30894	43.4327
4.31878	43.4371
4.32564	43.4393
4.33155	43.4358
4.33005	43.4277
4.33856	43.4306
4.35241	43.4289
4.35517	43.4371
4.34715	43.434
4.34092	43.4398
4.33595	43.4464
4.32355	43.4449
4.31647	43.4425
4.30938	43.4416
4.30424	43.4459
4.29676	43.4461
4.29195	43.4402
4.28361	43.4427
4.27645	43.4365
4.26803	43.4416
4.25832	43.4377
4.24949	43.4441
4.24063	43.442
4.22781	43.4421
4.21895	43.4348
4.20772	43.4319
4.20068	43.4394
4.1909	43.446
4.20039	43.4481
4.20843	43.4489
4.21373	43.444
4.22357	43.4487
4.23426	43.4465
4.24601	43.4512
4.2534	43.4507
4.2583	43.4463
4.26533	43.4468
4.27552	43.4448
4.28454	43.4513
4.2915	43.45
4.29761	43.4529
4.30406	43.4519
4.31023	43.45
4.31727	43.4481
4.32326	43.4516
4.33009	43.4497
4.33626	43.4525
4.34268	43.4482
4.3483	43.4447
4.35485	43.4427
4.36181	43.4418
4.36602	43.4361
4.37723	43.4389
4.38635	43.4316
4.39018	43.4372
4.39855	43.4396
4.40674	43.4375
4.41284	43.4328
4.413	43.4247
4.4217	43.4306
4.43084	43.4275
4.43735	43.4189
4.43986	43.4257
4.4487	43.427
4.4589	43.4197
4.46783	43.4166
4.47964	43.4233
4.49263	43.4234
4.49903	43.4189
4.50941	43.4191
4.51896	43.4223
4.53212	43.4244
4.53648	43.4159
4.54324	43.4199
4.55201	43.4181
4.56124	43.4263
4.5669	43.4177
4.57365	43.4149
4.58148	43.4214
4.57078	43.4228
4.56888	43.432
4.5774	43.4282
4.58794	43.4283
4.58757	43.4232
4.59203	43.4194
4.57986	43.4355
4.573	43.4365
4.56443	43.437
4.55726	43.4348
4.55113	43.4307
4.55103	43.4243
4.5416	43.4273
4.53103	43.4328
4.52072	43.4306
4.5088	43.4292
4.50013	43.4263
4.49	43.4297
4.47776	43.4336
4.46912	43.432
4.46485	43.4258
4.46009	43.4325
4.46618	43.4386
4.47374	43.4386
4.48748	43.4387
4.49955	43.4338
4.50556	43.4379
4.51335	43.4366
4.52334	43.4387
4.53528	43.4406
4.53778	43.4351
4.54513	43.4349
4.55585	43.4402
4.5582	43.4454
4.56982	43.4414
4.54927	43.442
4.54224	43.4415
4.53916	43.4465
4.526	43.4468
4.51986	43.4437
4.5127	43.4447
4.49994	43.4424
4.49264	43.4428
4.4842	43.4437
4.47709	43.444
4.47222	43.448
4.46522	43.4479
4.45895	43.4446
4.45536	43.4393
4.4487	43.4347
4.44023	43.4328
4.42932	43.4348
4.42326	43.4387
4.41638	43.4416
4.41084	43.4449
4.40405	43.444
4.39236	43.4434
4.38469	43.442
4.38003	43.4471
4.37322	43.4447
4.36672	43.4452
4.36201	43.4488
4.35511	43.4483
4.34896	43.4508
4.34292	43.4546
4.33011	43.4554
4.31731	43.4562
4.30449	43.4571
4.29169	43.4579
4.27889	43.4588
4.27738	43.453
4.27068	43.4504
4.26624	43.4548
4.25915	43.4545
4.24698	43.4575
4.23913	43.4548
4.23127	43.4529
4.22636	43.4577
4.21918	43.4552
4.21293	43.4578
4.20673	43.4551
4.19923	43.4536
4.19211	43.4538
4.18413	43.4536
4.17791	43.4496
4.16333	43.4464
4.15268	43.4414
4.14851	43.4506
4.16073	43.453
4.17471	43.4566
4.18224	43.4611
4.18874	43.4587
4.1947	43.4619
4.20121	43.4591
4.20783	43.4617
4.21536	43.4646
4.22042	43.4607
4.22816	43.4637
4.23369	43.4589
4.24055	43.4612
4.25341	43.4612
4.26622	43.4604
4.27215	43.4576
4.20296	43.4671
4.19057	43.4696
4.18863	43.464
4.1836	43.4674
4.17664	43.4653
4.16568	43.4587
4.15461	43.458
4.14306	43.4587
4.13226	43.4582
4.1362	43.4661
4.14595	43.4661
4.15567	43.4667
4.16237	43.4641
4.16915	43.4666
4.17792	43.4713
4.16589	43.4746
4.16339	43.4693
4.15831	43.4727
4.15039	43.4715
4.14295	43.474
4.13264	43.4723
4.12441	43.4744
4.1154	43.4734
4.10982	43.479
4.09611	43.477
4.07765	43.4698
4.0655	43.4648
4.04912	43.462
4.03594	43.4538
4.03078	43.4644
4.0165	43.4661
4.00607	43.4546
3.99155	43.4661
3.9776	43.4669
3.96655	43.4601
3.95591	43.4678
3.94201	43.4708
3.92994	43.4603
3.92256	43.4672
3.90926	43.4583
3.89733	43.4568
3.88611	43.4603
3.86953	43.4549
3.86254	43.4489
3.85272	43.4421
3.838	43.4445
3.82972	43.4448
3.82501	43.4401
3.82114	43.4453
3.81277	43.4437
3.80286	43.4441
3.81097	43.4514
3.81584	43.4481
3.82418	43.4516
3.83148	43.4505
3.84329	43.4496
3.85305	43.4517
3.8586	43.4602
3.86934	43.4631
3.87261	43.4708
3.88891	43.4678
3.89741	43.4718
3.9121	43.4707
3.92531	43.4759
3.93897	43.4842
3.95641	43.4792
3.96706	43.4722
3.97712	43.478
3.98934	43.4759
4.00403	43.4728
4.025	43.476
4.03969	43.4734
4.05547	43.47
4.06138	43.4783
4.07875	43.4806
4.08869	43.4865
4.10113	43.4873
4.11063	43.4866
4.12017	43.4864
4.12563	43.4811
4.13385	43.4791
4.14046	43.4788
4.15388	43.4779
4.14355	43.4835
4.13655	43.4843
4.12877	43.4857
4.12594	43.4905
4.12539	43.4966
4.11759	43.4931
4.10932	43.4958
4.10114	43.494
4.09296	43.4958
4.08241	43.498
4.0771	43.4905
4.06489	43.4896
4.05268	43.4904
4.04966	43.4783
4.04088	43.4845
4.03054	43.4919
4.0151	43.4849
3.99739	43.4834
3.98496	43.486
3.96711	43.4823
3.96465	43.4911
3.94995	43.4866
3.94842	43.4955
3.95635	43.5023
3.9677	43.5046
3.98084	43.4957
3.99415	43.4938
4.00548	43.4899
4.02089	43.4965
4.03136	43.5008
4.04194	43.4942
4.04836	43.5021
4.05948	43.4983
4.07149	43.4994
4.07874	43.5061
4.08979	43.5048
4.10115	43.5022
4.1092	43.5022
4.11849	43.4991
4.12289	43.5057
4.11571	43.5047
4.10953	43.5085
4.10173	43.5084
4.09613	43.5127
4.08222	43.5145
4.06775	43.5089
4.05633	43.5131
4.04517	43.5139
4.03583	43.509
4.02171	43.5054
4.00986	43.4984
3.99713	43.5042
3.98357	43.5088
3.97661	43.5135
3.96747	43.5142
3.95364	43.5126
3.94521	43.5052
3.93882	43.4987
3.93054	43.4937
3.9277	43.4851
3.91723	43.4817
3.90634	43.4814
3.89143	43.4833
3.88215	43.4735
3.87681	43.4796
3.86772	43.4778
3.8619	43.4692
3.85149	43.4672
3.84745	43.4584
3.83974	43.4585
3.83251	43.4563
3.82564	43.457
3.81752	43.4533
3.81906	43.4586
3.82663	43.4662
3.83182	43.4621
3.83846	43.4645
3.84447	43.4727
3.83316	43.4681
3.83468	43.4735
3.84329	43.4804
3.84883	43.477
3.85575	43.4762
3.85609	43.4817
3.85285	43.4866
3.86228	43.4843
3.86878	43.4877
3.87653	43.4871
3.88502	43.4877
3.89217	43.4913
3.90561	43.4896
3.91646	43.4903
3.92212	43.4955
3.93006	43.5054
3.93769	43.5077
3.93939	43.514
3.94692	43.5158
3.95559	43.5189
3.96106	43.5238
3.96922	43.5238
3.97645	43.5208
3.98588	43.5199
3.99276	43.511
4.00887	43.5113
4.0156	43.5166
4.02511	43.5172
4.03563	43.5174
4.04863	43.5223
4.05814	43.5207
4.06883	43.5188
4.07985	43.5251
4.09188	43.5221
4.09978	43.5211
4.10746	43.5193
4.11065	43.5142
4.1173	43.5104
4.12286	43.515
4.11566	43.5183
4.10958	43.5248
4.11655	43.5261
4.12378	43.5197
4.12705	43.5239
4.12503	43.5295
4.13149	43.5266
4.13272	43.5316
4.13884	43.5276
4.13663	43.5252
4.139	43.5328
4.13475	43.5365
4.12673	43.5387
4.12044	43.5342
4.11088	43.5325
4.10294	43.5269
4.09219	43.5308
4.08294	43.5356
4.07449	43.5316
4.06904	43.526
4.06047	43.5282
4.04501	43.5314
4.03535	43.5257
4.02841	43.5298
4.01979	43.5302
4.01283	43.5239
4.00514	43.5188
3.99517	43.5184
3.99105	43.5262
4.00351	43.5266
4.00973	43.5328
4.01952	43.5385
4.02689	43.5402
4.03229	43.5359
4.04032	43.5366
4.05469	43.5371
4.06518	43.5352
4.0738	43.5394
4.08138	43.542
4.09321	43.5405
4.10172	43.5352
4.10562	43.5406
4.11467	43.5368
4.12124	43.5439
4.12956	43.545
4.11904	43.5504
4.11336	43.5473
4.1132	43.5419
4.10656	43.5467
4.09941	43.5429
4.09785	43.5483
4.08644	43.5472
4.08075	43.5496
4.07488	43.5475
4.06467	43.5432
4.05225	43.5434
4.04393	43.5423
4.03691	43.5452
4.02908	43.546
4.02296	43.5489
4.01656	43.5464
4.01294	43.5413
4.0055	43.5414
3.99806	43.5332
3.9903	43.5346
3.98313	43.5319
3.97783	43.5271
3.97075	43.5302
3.95754	43.5301
3.95414	43.5251
3.94828	43.522
3.94154	43.5235
3.93535	43.5209
3.93223	43.5156
3.92502	43.5142
3.92202	43.5081
3.91932	43.502
3.90956	43.4972
3.89862	43.4956
3.88655	43.4996
3.88473	43.4945
3.87715	43.4932
3.87016	43.4931
3.8633	43.4921
3.87289	43.4983
3.87982	43.4983
3.8829	43.5042
3.89263	43.502
3.89761	43.5059
3.90449	43.505
3.91218	43.5044
3.91428	43.5102
3.90701	43.5104
3.90346	43.5154
3.89293	43.51
3.91053	43.5152
3.91816	43.5148
3.92208	43.5193
3.9265	43.5237
3.9378	43.5282
3.94467	43.5283
3.94936	43.5323
3.96094	43.5364
3.96826	43.5357
3.98034	43.5381
3.98459	43.5437
3.99368	43.5404
4.00319	43.5469
4.00809	43.5513
3.99598	43.5481
4.02035	43.5541
4.02715	43.5532
4.03368	43.5505
4.04097	43.5505
4.05177	43.5501
4.05858	43.547
4.06465	43.5518
4.0715	43.5522
4.07794	43.5542
4.08832	43.5534
4.09428	43.5522
4.10067	43.5528
4.10702	43.5537
4.09498	43.5571
4.08444	43.559
4.07108	43.5587
4.0582	43.5587
4.05776	43.5531
4.04532	43.5587
4.0329	43.5562
3.97257	43.5404
3.91496	43.5196
4.35572	43.4537
4.36858	43.4535
4.37424	43.4502
4.38141	43.4529
4.38733	43.4482
4.3956	43.4491
4.40015	43.4493
4.40742	43.4496
4.42023	43.4504
4.42782	43.4437
4.43614	43.4385
4.44469	43.4409
4.45239	43.4476
4.45853	43.45
4.46465	43.4535
4.47082	43.4562
4.47778	43.4513
4.48451	43.4518
4.48903	43.4478
4.49452	43.4515
4.50156	43.4502
4.50846	43.4492
4.51511	43.451
4.52108	43.4497
4.52194	43.4546
4.53432	43.452
4.54672	43.4496
4.50914	43.4554
4.49648	43.4571
4.48964	43.455
4.48362	43.4571
4.45801	43.4554
4.45182	43.453
4.44537	43.4466
4.43698	43.4451
4.42692	43.4491
4.43295	43.4517
4.4401	43.4504
4.4452	43.4546
3.70102	43.3995
4.74025	43.3529
4.75304	43.3521
4.76427	43.346
4.77114	43.343
4.78307	43.3425
4.79344	43.3387
4.80598	43.3385
4.81509	43.3308
4.82585	43.3371
4.81499	43.342
4.80353	43.3462
4.79107	43.3485
4.77852	43.3504
4.77167	43.3487
4.76588	43.352
4.85447	43.3297
4.86074	43.3378
4.8704	43.338
4.88134	43.3429
4.88818	43.3363
4.89787	43.3407
4.90999	43.3416
4.91596	43.3333
4.93063	43.3374
4.94212	43.3537
4.96127	43.3493
4.9765	43.354
4.98622	43.361
4.9975	43.3664
4.98681	43.3714
4.97266	43.3665
4.96093	43.3604
4.95063	43.368
4.93958	43.3634
4.92284	43.3586
4.9234	43.3483
4.91415	43.3526
4.90392	43.35
4.88991	43.3491
4.88412	43.3526
4.87682	43.3523
4.86814	43.3454
4.88706	43.3579
4.89715	43.3562
4.9095	43.3602
4.91664	43.3677
4.9042	43.3648
4.89639	43.3643
4.90546	43.3709
4.9176	43.3825
4.92691	43.377
4.92852	43.368
4.93893	43.3731
4.95309	43.3796
4.96965	43.3785
4.97981	43.3774
4.98807	43.3822
4.99514	43.3761
4.98918	43.3874
4.97952	43.387
4.96458	43.387
4.95555	43.3931
4.94672	43.3884
4.93881	43.3828
4.92813	43.3861
4.91528	43.3918
4.91254	43.385
4.90752	43.3905
4.90241	43.3857
4.90938	43.3798
4.90163	43.3796
4.90027	43.3732
4.89541	43.3759
4.89072	43.3731
4.89274	43.3657
4.88648	43.3685
4.88001	43.3645
4.88067	43.3718
4.87567	43.3731
4.86959	43.3699
4.87055	43.3741
4.86577	43.376
4.85772	43.3735
4.8606	43.377
4.85491	43.3787
4.84923	43.3805
4.85367	43.3829
4.86014	43.3812
4.86564	43.3805
4.87429	43.3771
4.87891	43.3799
4.88442	43.3785
4.88534	43.3742
4.88962	43.3773
4.8935	43.3803
4.89324	43.3891
4.88709	43.3847
4.87881	43.3844
4.86982	43.3834
4.86367	43.3844
4.85589	43.3867
4.85289	43.3946
4.85915	43.3926
4.86365	43.3887
4.87164	43.3896
4.87708	43.3921
4.88266	43.3898
4.88484	43.3957
4.879	43.3986
4.87302	43.3959
4.86531	43.3947
4.85891	43.3983
4.86029	43.4023
4.86542	43.4015
4.8736	43.4019
4.88047	43.4044
4.88879	43.402
4.89617	43.3981
4.89997	43.3926
4.90864	43.3967
4.91726	43.4004
4.92368	43.3945
4.93171	43.3976
4.93992	43.3948
4.9513	43.4
4.96386	43.4014
4.97193	43.3944
4.9848	43.3915
4.98489	43.3977
4.97749	43.3983
4.96869	43.4039
4.96415	43.4101
4.95755	43.4059
4.94544	43.4061
4.93879	43.4017
4.9309	43.4046
4.92431	43.41
4.91524	43.4079
4.90871	43.4035
4.90103	43.4066
4.89295	43.4076
4.8789	43.4097
4.87002	43.4072
4.86495	43.4058
4.86198	43.4093
4.87364	43.4132
4.88164	43.4147
4.88972	43.4135
4.9025	43.4122
4.90942	43.414
4.91876	43.416
4.9248	43.4184
4.93117	43.4166
4.93898	43.412
4.95355	43.4118
4.95971	43.4143
4.96648	43.4152
4.96471	43.42
4.9584	43.4196
4.95242	43.4171
4.94566	43.4176
4.93808	43.4174
4.93423	43.4248
4.92362	43.4236
4.9175	43.4259
4.91207	43.4227
4.90107	43.4179
4.91718	43.4313
4.92406	43.4294
4.92989	43.4281
4.93932	43.4266
4.94114	43.4224
4.94808	43.4247
4.95483	43.4242
4.96157	43.4243
4.9661	43.4235
4.92984	43.4329
4.88345	43.4211
